1	1	9054	7279	6472	6221	485	530	1493	0	78	?	2	11	9	52	1869	68588	10.93971869	20	1	1	685	2	96.12175525	16333
1	2	1800	2000	?	?	?	?	?	?	?	?	0	99	99	?	1965	917	?	99	0	1	9	1	?	3800
2	3	688	855	1296	545	472	489	120	3	70	141	3	8	8	55	1855	40404	12.85833333	16	0	0	404	3	42.05246914	1543
1	2	594	271	1780	305	560	710	56	?	60	300	8	0	0	75	1859	10003	15.44642857	0	0	1	100	3	17.13483146	865
2	3	1449	1307	3280	2173	424	456	130	1	70	500	2	7	5	62	1889	27244	21.2	12	0	0	272	2	66.25	2756
2	1	542	486	412	359	?	?	?	?	?	615	1	99	99	40	1909	73939	?	99	1	0	739	1	87.13592233	1028
1	1	181	535	?	?	?	?	?	?	?	700	2	0	0	25	1962	802	?	0	1	1	8	2	?	716
1	1	1336	1795	1500	1000	?	?	?	4	?	725	2	8	8	?	1961	94928	?	16	1	1	949	2	66.66666667	3131
1	1	5838	5564	4200	2100	442	486	741	4	98	754	2	9	10	65	1887	95929	15.38731444	19	1	1	959	2	50	11402
1	1	5976	6065	4481	3014	?	?	805	4	79	786	2	11	8	?	1911	93740	14.95776398	19	1	1	937	2	67.26177193	12041
1	1	6613	5112	4082	2914	411	457	637	0	?	790	2	7	7	30	1895	76019	18.40659341	14	1	1	760	2	71.38657521	11725
1	1	2856	2707	2260	1693	467	498	360	4	71	798	2	6	5	65	1913	95521	15.45277778	11	1	1	955	2	74.91150442	5563
1	1	18773	17422	16031	10914	500	570	?	2	79	830	4	9	8	58	1883	78712	?	17	1	1	787	3	68.08059385	36195
1	1	5813	8395	15289	5101	523	576	1951	3	94	845	6	13	13	76	1795	27514	7.282419272	26	1	1	275	4	33.36385637	14208
1	1	6795	5010	11165	4865	452	530	875	4	70	850	3	9	8	68	1901	93407	13.49142857	17	1	1	934	3	43.57366771	11805
1	1	1522	660	1277	1257	?	?	151	1	40	940	1	7	6	?	1895	25136	14.45033113	13	1	1	251	1	98.43382929	2182
1	1	1308	2193	1570	1431	348	368	?	?	?	942	1	5	4	76	1909	27707	?	9	1	1	277	1	91.14649682	3501
2	1	1404	1606	1630	1616	?	?	203	3	48	984	1	5	4	50	1937	64801	14.82758621	9	1	0	648	1	99.14110429	3010
1	1	1225	1400	?	?	?	?	153	1	69	1046	0	4	4	30	1934	88130	17.15686275	8	1	1	881	1	?	2625
1	1	9274	6674	5001	4534	?	?	?	0	?	1050	2	8	5	50	1890	74708	?	13	1	1	747	2	90.66186763	15948
1	1	1173	1549	1529	1503	300	320	195	0	53	1074	1	6	5	55	1874	36195	13.95897436	11	1	1	361	1	98.29954218	2722
1	1	4788	5524	?	?	456	571	1354	2	?	1090	2	8	8	?	1907	96822	7.615952733	16	1	1	968	2	?	10312
1	1	6076	5926	2447	2446	?	?	834	1	54	1095	0	7	5	35	1889	84408	14.39088729	12	1	1	844	1	99.95913363	12002
1	1	3138	3207	3123	3123	449	460	484	1	70	1098	0	5	5	30	1932	83725	13.10950413	10	1	1	837	1	100	6345
1	1	7574	8500	10916	7396	?	?	?	1	85	1100	2	8	8	?	1857	32306	?	16	1	1	323	2	67.75375595	16074
1	1	14147	12643	11190	6516	524	590	2651	3	98	1108	4	10	10	50	1853	32611	10.10562052	20	1	1	326	3	58.230563	26790
1	1	2845	2708	2300	2018	441	489	342	1	75	1152	2	8	8	65	?	89557	16.23684211	16	1	1	895	2	87.73913043	5553
1	1	10234	9075	12924	10340	490	550	1390	3	85	1169	4	9	9	60	1885	85721	13.89136691	18	1	1	857	3	80.00619003	19309
1	1	1145	701	1641	1305	?	?	91	1	60	1174	2	7	5	34	1911	81230	20.28571429	12	1	1	812	2	79.52468007	1846
1	1	1512	1772	1839	1839	?	?	321	1	60	1191	0	8	7	50	1866	66801	10.2305296	15	1	1	668	1	100	3284
2	1	1089	1309	787	779	?	?	170	1	68	1200	0	0	0	60	1965	71115	14.10588235	0	1	0	711	1	98.98348158	2398
1	1	5755	4323	3994	3923	?	?	743	1	78	1230	2	9	7	?	1871	72701	13.56393001	16	1	1	727	2	98.2223335	10078
1	1	2468	3150	5263	3912	555	515	320	1	63	1270	4	10	10	55	1867	63549	17.55625	20	1	1	635	3	74.33022991	5618
1	1	9059	7082	8112	6933	525	575	1076	0	76	1323	3	9	9	77	1856	36849	15.00092937	18	1	1	368	3	85.46597633	16141
1	1	9421	8479	10400	8700	?	?	?	1	90	1325	0	8	8	50	1866	66045	?	16	1	1	660	1	83.65384615	17900
1	1	10544	11443	23646	10715	?	?	?	4	100	1431	6	13	10	60	1919	90024	?	23	1	1	900	4	45.31421805	21987
1	1	7730	8047	19000	10684	499	577	?	4	95	1455	4	13	11	70	?	93106	?	24	1	1	931	3	56.23157895	15777
2	3	81	96	?	?	?	?	11	?	5	1460	0	4	3	?	1884	72202	16.09090909	7	0	0	722	1	?	177
1	1	10969	9343	?	?	545	618	?	4	90	1476	6	11	9	61	1868	94720	?	20	1	1	947	4	?	20312
1	1	4981	5369	15000	7600	526	602	668	3	95	1478	6	11	10	70	1844	12222	15.49401198	21	1	1	122	4	50.66666667	10350
1	1	1768	2436	7825	3637	460	505	324	4	85	1494	3	9	9	60	1828	12561	12.97530864	18	1	1	125	3	46.47923323	4204
1	1	1609	1759	1111	991	?	?	189	1	65	1521	2	6	4	30	1926	97520	17.82010582	10	1	1	975	2	89.19891989	3368
1	1	4278	4609	?	?	?	?	793	1	75	1524	0	5	7	45	1958	70148	11.20680958	12	1	1	701	1	?	8887
1	1	758	855	510	495	?	?	?	2	67	1555	2	5	4	30	1929	97850	?	9	1	1	978	2	97.05882353	1613
1	1	5804	6296	5101	4153	482	518	?	0	90	1556	2	7	7	48	1872	97403	?	14	1	1	974	2	81.41540874	12100
1	1	4698	4690	3329	2761	?	?	650	2	70	1559	2	11	9	38	1894	54481	14.44307692	20	1	1	544	2	82.93781916	9388
1	1	12147	8083	9230	7905	450	530	1892	1	70	1564	3	11	10	62	1858	50011	10.69238901	21	1	1	500	3	85.64463705	20230
1	1	8725	8808	9371	7529	?	?	1400	2	98	1564	4	11	11	?	1847	52242	12.52357143	22	1	1	522	3	80.34361327	17533
1	1	3553	3766	10603	7265	521	562	305	4	95	1579	4	7	7	?	1965	95064	23.99672131	14	1	1	950	3	68.51834386	7319
1	1	7784	7752	7150	6061	?	?	1827	1	80	1585	2	12	12	?	1839	65211	8.503557745	24	1	1	652	2	84.76923077	15536
1	1	5357	5803	12525	9478	430	470	645	3	72	1604	2	14	10	60	1849	48197	17.30232558	24	1	1	481	2	75.67265469	11160
1	1	4779	4628	2767	2333	427	468	451	4	67	1620	0	8	7	14	1908	44555	20.85809313	15	1	1	445	1	84.31514275	9407
1	3	12227	11580	6203	5583	?	?	1297	?	78	1620	3	13	9	?	1871	84602	18.35543562	22	0	1	846	3	90.00483637	23807
1	1	1991	3035	8868	4722	457	511	?	4	70	1630	2	7	9	57	1889	13775	?	16	1	1	137	2	53.24763194	5026
1	1	2600	2700	4506	2250	450	485	350	?	69	1650	2	11	10	60	1923	8028	15.14285714	21	1	1	80	2	49.9334221	5300
1	1	2103	2083	3096	2458	440	460	181	2	65	1696	2	9	8	65	1898	21532	23.12707182	17	1	1	215	2	79.39276486	4186
1	1	2000	2600	2550	2450	430	470	275	?	60	1700	1	7	8	55	1858	55987	16.72727273	15	1	1	559	1	96.07843137	4600
1	1	2393	2637	2214	1612	?	?	405	3	80	1704	2	6	6	30	1963	63121	12.41975309	12	1	1	631	2	72.80939476	5030
1	1	3577	4121	2114	1881	?	?	570	0	64	1712	2	7	6	55	1910	39406	13.50526316	13	1	1	394	2	88.9782403	7698
1	1	7856	9087	12679	8381	?	?	1069	0	69	1717	2	9	9	50	1895	60115	15.84939196	18	1	1	601	2	66.10142756	16943
1	1	10368	9904	10275	6249	499	570	?	2	83	1731	4	10	9	56	1861	98195	?	19	1	1	981	3	60.81751825	20272
1	1	12893	11901	16656	10090	481	544	1966	3	78	1740	2	10	20	42	?	20770	12.61139369	30	1	1	207	2	60.57877041	24794
1	1	11202	6330	13127	10470	?	?	1059	0	65	1762	2	9	9	45	1869	62901	16.55524079	18	1	1	629	2	79.75927478	17532
1	1	9583	8662	10013	7581	?	?	?	2	90	1770	2	9	9	60	1785	30602	?	18	1	1	306	2	75.71157495	18245
1	1	11467	13752	15877	11180	473	529	1375	2	87	1780	4	11	9	?	1820	47405	18.34109091	20	1	1	474	3	70.4163255	25219
1	1	3713	3405	3421	2859	?	?	?	0	79	1780	2	7	6	56	1844	38677	?	13	1	1	386	2	83.57205495	7118
1	1	634	805	1013	752	316	342	99	4	51	1787	1	5	5	?	1865	20715	14.53535354	10	1	1	207	1	74.23494571	1439
1	1	13652	13688	13907	10944	504	584	?	3	90	1820	4	15	13	?	?	53706	?	28	1	1	537	3	78.69418279	27340
1	1	11622	9368	13587	10072	507	576	965	2	91	1844	5	6	6	?	?	80309	21.75129534	12	1	1	803	3	74.12968279	20990
1	1	1745	1640	1645	1092	?	?	186	2	84	1850	4	1	1	?	?	48128	18.19892473	2	1	1	481	3	66.38297872	3385
1	1	18114	15523	17612	13954	?	?	2965	3	69	1890	2	16	12	50	1870	43210	11.34468803	28	1	1	432	2	79.23007041	33637
1	1	14351	11775	14482	9655	528	615	2429	4	83	1940	7	11	8	70	?	61801	10.75586661	19	1	1	618	4	66.66896837	26126
1	1	4140	1182	2276	2106	490	588	314	4	79	1950	4	8	5	56	1885	49931	16.94904459	13	1	1	499	3	92.53075571	5322
2	1	1310	1210	3059	1707	450	490	174	4	49	1995	2	9	9	60	?	17745	14.48275862	18	1	0	177	2	55.80254985	2520
1	1	4439	5319	?	6134	440	497	400	2	85	2000	2	8	4	?	1868	48202	24.395	12	1	1	482	2	?	9758
1	1	4796	6234	7430	3667	490	531	715	3	54	2054	4	11	11	74	1875	15705	15.42657343	22	1	1	157	3	49.35397039	11030
1	1	2349	2656	3609	2730	455	530	311	2	75	2066	2	10	9	61	?	17257	16.09324759	19	1	1	172	2	75.64422278	5005
1	1	2304	2686	3093	2408	?	?	304	3	48	2120	1	10	8	47	1857	16444	16.41447368	18	1	1	164	1	77.85321694	4990
1	1	6000	6526	13709	11162	485	536	1210	4	87	2133	4	12	9	?	1881	6268	10.35206612	21	1	1	62	3	81.42096433	12526
2	1	690	30	327	207	450	500	57	?	75	2160	2	6	3	70	1891	2540	12.63157895	9	1	0	25	2	63.30275229	720
1	1	5777	8371	9420	6484	452	492	717	1	75	2208	2	10	9	55	?	43403	19.73221757	19	1	1	434	2	68.83227176	14148
1	1	6211	6409	6766	5538	460	510	1052	1	81	2230	2	10	9	74	?	29208	11.99619772	19	1	1	292	2	81.85042861	12620
1	1	1218	1643	2763	2392	?	?	183	2	54	2349	2	6	3	?	1882	23803	15.63387978	9	1	1	238	2	86.57256605	2861
1	1	6581	5959	6946	4236	450	510	1849	2	90	2352	2	9	8	?	?	60680	6.782044348	17	1	1	606	2	60.98473942	12540
1	1	6621	8437	7657	7428	421	450	730	1	70	2388	0	8	8	60	1910	44242	20.62739726	16	1	1	442	1	97.00927256	15058
2	2	306	343	239	239	400	400	38	0	52	2410	0	4	4	50	1834	72830	17.07894737	8	0	0	728	1	100	649
1	1	16342	14620	?	?	?	?	?	3	?	2412	1	11	9	50	1851	55455	?	20	1	1	554	1	?	30962
1	1	5686	7523	13936	7364	493	552	816	1	78	2501	3	11	9	58	1743	19716	16.1875	20	1	1	197	3	52.84156142	13209
1	1	742	672	575	551	?	?	83	0	65	2509	0	2	2	?	1929	59501	17.03614458	4	1	1	595	1	95.82608696	1414
1	1	14555	15628	20750	12800	472	531	2479	2	94	2592	4	15	11	69	1855	48824	12.17547398	26	1	1	488	3	61.68674699	30183
1	1	11085	10303	13738	6620	560	640	?	4	85	2684	8	12	11	70	1817	48109	?	23	1	1	481	4	48.1875091	21388
1	1	6281	7338	11171	5650	549	617	756	1	89	2834	6	22	15	70	1809	45056	18.01455026	37	1	1	450	4	50.57738788	13619
2	3	2272	2202	?	?	426	448	195	?	54	3210	2	10	6	52	1971	24506	22.94358974	16	0	0	245	2	?	4474
2	3	447	892	583	455	?	?	79	1	32	3240	0	4	2	56	1823	38305	16.94936709	6	0	0	383	1	78.04459691	1339
1	1	15760	12556	26357	11205	502	562	1571	1	87	3292	4	14	12	58	1855	16802	18.02418842	26	1	1	168	3	42.51242554	28316
2	1	508	384	817	741	430	460	45	1	70	3380	1	0	0	70	1963	15601	19.82222222	0	1	0	156	1	90.69767442	892
2	3	306	267	?	?	?	?	?	?	38	3510	1	4	2	50	1907	30598	?	6	0	0	305	1	?	573
2	3	275	358	400	375	460	470	55	?	60	3585	2	5	4	50	1831	30240	11.50909091	9	0	0	302	2	93.75	633
2	2	480	580	1320	606	450	480	44	?	55	3700	3	6	4	?	1968	32084	24.09090909	10	0	0	320	3	45.90909091	1060
2	3	287	318	190	171	?	?	35	0	29	4050	0	2	2	87	1858	63401	17.28571429	4	0	0	634	1	90	605
2	3	174	167	100	90	450	450	22	?	50	4100	2	3	2	60	1928	92631	15.5	5	0	0	926	2	90	341
2	3	228	237	315	230	400	450	35	?	50	4200	2	5	3	85	1926	78705	13.28571429	8	0	0	787	2	73.01587302	465
1	2	2995	4312	2699	1644	430	449	1189	0	82	4345	2	11	8	?	1867	20059	6.145500421	19	0	1	200	2	60.91144868	7307
2	3	213	338	540	306	412	432	43	1	21	4349	2	5	6	87	1958	19607	12.81395349	11	0	0	196	2	56.66666667	551
2	3	421	473	460	450	?	?	53	0	55	4460	0	4	4	35	1957	79407	16.86792453	8	0	0	794	1	97.82608696	894
1	2	1420	1551	4176	2419	354	385	279	4	48	4500	1	6	5	50	1881	36088	10.64874552	11	0	1	360	1	57.92624521	2971
2	3	168	272	175	142	477	525	40	3	75	4525	2	4	3	30	1872	72501	11	7	0	0	725	2	81.14285714	440
2	3	756	1134	2000	1200	?	?	?	?	?	4600	1	4	3	40	1869	30314	?	7	0	0	303	1	60	1890
2	3	293	229	603	589	371	412	28	?	43	4600	1	7	6	35	1887	?	18.64285714	13	0	0	?	1	97.67827529	522
2	3	48	337	500	400	442	441	60	0	52	4600	2	0	0	?	1814	40203	6.416666667	0	0	0	402	2	80	385
1	3	170	245	385	321	?	?	30	?	79	4700	2	3	2	?	1959	99508	13.83333333	5	0	1	995	2	83.37662338	415
2	3	288	350	550	433	490	470	53	?	50	4710	2	6	4	?	1858	42301	12.03773585	10	0	0	423	2	78.72727273	638
2	3	223	174	341	197	?	?	?	0	?	4714	2	6	5	32	1908	67063	?	11	0	0	670	2	57.771261	397
2	3	151	254	148	125	440	450	41	?	40	4790	2	2	2	39	?	67213	9.87804878	4	0	0	672	2	84.45945946	405
2	3	470	646	624	528	500	515	102	3	83	4800	2	7	7	70	1950	40205	10.94117647	14	0	0	402	2	84.61538462	1116
2	3	487	475	?	?	438	484	58	3	57	4830	2	6	3	40	1891	78155	16.5862069	9	0	0	781	2	?	962
2	3	294	365	259	241	?	?	36	?	50	4874	2	7	4	48	1948	46590	18.30555556	11	0	0	465	2	93.05019305	659
1	1	7039	5649	21075	6193	?	?	1523	4	88	4882	8	15	13	84	1865	14850	8.330925804	28	1	1	148	4	29.38552788	12688
2	3	132	286	223	220	?	?	36	0	29	4935	1	3	4	65	1936	57078	11.61111111	7	0	0	570	1	98.65470852	418
2	3	502	544	1002	675	500	515	80	3	76	4980	4	7	6	55	1827	47243	13.075	13	0	0	472	3	67.36526946	1046
1	3	9	522	330	285	480	470	61	3	50	4980	2	0	5	?	1920	19345	8.704918033	10	0	1	193	2	86.36363636	531
2	3	308	325	541	480	388	425	53	0	59	5030	1	7	5	50	1885	28109	11.94339623	12	0	0	281	1	88.7245841	633
2	3	409	378	458	400	500	528	60	2	73	5110	3	7	5	?	1825	71104	13.11666667	12	0	0	711	3	87.33624454	787
2	3	321	302	336	282	440	460	40	?	35	5180	2	4	4	40	1927	91321	15.575	8	0	0	913	2	83.92857143	623
2	3	420	491	541	406	476	486	64	1	58	5456	2	5	5	60	?	40390	14.234375	10	0	0	403	2	75.04621072	911
2	3	6	415	319	204	?	?	51	1	63	5550	2	0	7	75	1924	19118	8.254901961	14	0	0	191	2	63.94984326	421
2	2	1319	821	1950	1646	410	470	136	4	60	5560	1	12	7	48	1919	1119	15.73529412	19	0	0	11	1	84.41025641	2140
1	3	241	220	373	331	430	450	41	1	65	5600	2	7	7	60	1897	46750	11.24390244	14	0	1	467	2	88.73994638	461
1	2	409	647	363	313	450	450	92	?	65	5600	2	6	5	35	1915	63119	11.47826087	11	0	1	631	2	86.22589532	1056
2	3	765	618	1146	656	496	560	89	2	69	5690	4	4	3	42	1954	38104	15.53932584	7	0	0	381	3	57.2425829	1383
2	3	310	395	400	372	?	?	41	1	29	5720	2	7	5	50	1883	58401	17.19512195	12	0	0	584	2	93	705
2	3	240	220	554	450	460	490	43	1	58	5785	2	4	4	?	1819	37801	10.69767442	8	0	0	378	2	81.22743682	460
1	2	681	664	376	163	500	530	151	0	75	5852	4	4	0	?	1945	60605	8.907284768	4	0	1	606	3	43.35106383	1345
1	3	529	594	770	663	492	534	86	3	70	5910	3	3	3	51	1910	64110	13.05813953	6	0	1	641	3	86.1038961	1123
2	3	20	472	237	212	440	440	54	?	30	5935	1	0	3	70	?	3060	9.111111111	3	0	0	30	1	89.45147679	492
2	3	310	315	460	402	?	?	42	1	68	6020	2	6	6	45	1872	68333	14.88095238	12	0	0	683	2	87.39130435	625
2	3	183	243	344	311	425	463	38	2	80	6140	1	10	8	65	1837	62626	11.21052632	18	0	0	626	1	90.40697674	426
2	3	205	216	824	627	?	?	39	1	55	6175	2	8	9	45	1855	61530	10.79487179	17	0	0	615	2	76.09223301	421
2	2	162	322	635	623	395	424	40	2	12	6175	1	4	4	?	1898	4401	12.1	8	0	0	44	1	98.11023622	484
1	3	1260	1604	2935	2309	500	531	244	3	59	6225	4	0	0	?	1912	70118	11.73770492	0	0	1	701	3	78.67120954	2864
1	3	3550	2945	5058	4237	466	518	391	2	73	6290	2	10	6	64	1850	45469	16.6112532	16	0	1	454	2	83.76828786	6495
1	3	2442	2856	2801	2001	?	?	402	3	88	6318	4	7	7	60	1898	60604	13.17910448	14	0	1	606	3	71.43877187	5298
1	2	172	192	313	275	420	470	29	?	65	6330	2	4	4	53	1894	4901	12.55172414	8	0	1	49	2	87.85942492	364
2	3	240	402	748	630	430	440	?	0	?	6456	2	5	3	55	1871	26416	?	8	0	0	264	2	84.22459893	642
2	3	375	400	?	?	?	?	?	2	?	6480	1	7	7	60	?	22812	?	14	0	0	228	1	?	775
1	       	243	513	872	527	452	500	?	4	70	6500	2	10	8	35	1923	10603	?	18	0	1	106	2	60.43577982	756
1	3	712	1022	905	566	465	503	133	0	65	6516	2	7	3	77	1908	90639	13.03759398	10	0	1	906	2	62.54143646	1734
2	3	383	543	447	443	?	?	44	1	36	6525	1	7	5	?	1902	55113	21.04545455	12	0	0	551	1	99.10514541	926
1	3	2400	3228	3570	2695	485	514	802	2	95	6530	3	8	7	72	1870	60611	7.017456359	15	0	1	606	3	75.49019608	5628
2	2	374	268	427	306	?	?	?	0	?	6535	2	9	7	30	1857	52142	?	16	0	0	521	2	71.66276347	642
1	3	700	700	1200	700	470	490	77	2	77	6600	2	8	6	79	1808	21727	18.18181818	14	0	1	217	2	58.33333333	1400
1	3	319	936	501	452	460	500	100	1	39	6639	2	5	5	58	1912	55811	12.55	10	0	1	558	2	90.21956088	1255
1	3	792	815	1087	561	?	?	220	?	57	6708	2	0	0	52	1874	49104	7.304545455	0	0	1	491	2	51.6099356	1607
2	3	0	1796	915	870	480	520	103	2	53	6730	3	0	10	55	1887	56374	17.4368932	20	0	0	563	3	95.08196721	1796
2	2	29	229	164	128	493	491	35	?	80	6840	2	4	6	70	1856	44077	7.371428571	10	0	0	440	2	78.04878049	258
1	2	1400	1400	3280	2510	460	500	140	3	80	6852	2	9	6	72	1946	12601	20	15	0	1	126	2	76.52439024	2800
2	3	673	920	1186	1017	?	?	77	3	70	6889	4	8	7	55	1853	50219	20.68831169	15	0	0	502	3	85.75042159	1593
1	3	1266	829	1257	1048	480	550	242	0	90	6960	3	9	6	?	?	48221	8.657024793	15	0	1	482	3	83.37311058	2095
2	3	489	440	756	638	502	514	62	3	82	7050	3	6	5	84	1830	36608	14.98387097	11	0	0	366	3	84.39153439	929
2	3	678	800	1159	913	459	497	94	1	60	7087	2	8	6	65	1846	46989	15.72340426	14	0	0	469	2	78.77480587	1478
1	3	200	170	145	137	440	470	37	1	54	7090	2	2	2	60	1895	5404	10	4	0	1	54	2	94.48275862	370
2	2	50	50	?	?	?	?	11	?	65	7200	1	2	99	55	1853	60079	9.090909091	99	0	0	600	1	?	100
2	2	1100	900	2904	2275	?	?	120	4	?	7240	1	9	6	73	1919	2809	16.66666667	15	0	0	28	1	78.34022039	2000
2	3	908	1202	1284	1160	510	570	141	3	70	7330	5	9	8	77	1861	52101	14.96453901	17	0	0	521	3	90.34267913	2110
2	2	86	329	246	208	470	430	39	?	26	7360	2	0	0	75	1918	80236	10.64102564	0	0	0	802	2	84.55284553	415
1	3	7	577	423	335	400	410	63	2	71	7500	1	0	3	60	1919	2115	9.26984127	6	0	1	21	1	79.19621749	584
1	3	395	483	741	578	427	460	74	2	75	7540	2	8	6	75	1847	53141	11.86486486	14	0	1	531	2	78.00269906	878
2	3	451	415	985	789	540	570	65	3	91	7625	5	10	9	70	1819	40422	13.32307692	19	0	0	404	3	80.10152284	866
1	2	1291	954	1990	1116	502	555	176	3	82	7650	4	12	10	70	1821	19013	12.75568182	22	0	1	190	3	56.08040201	2245
1	2	909	741	1713	1362	459	483	92	?	88	7680	2	8	7	30	1931	33606	17.93478261	15	0	1	336	2	79.50963222	1650
2	3	586	714	1801	1250	470	500	78	3	70	7700	2	6	7	?	1842	24153	16.66666667	13	0	0	241	2	69.40588562	1300
2	3	849	815	1807	1600	530	580	105	4	95	7758	4	10	9	70	1835	49224	15.84761905	19	0	0	492	3	88.54454898	1664
1	3	1363	1489	2901	2004	525	548	248	3	98	7790	4	12	8	72	1841	10458	11.5	20	0	1	104	3	69.07962771	2852
1	3	706	1002	1659	1233	530	600	136	3	85	7804	5	8	6	70	1850	61702	12.55882353	14	0	1	617	3	74.32188065	1708
2	2	407	80	657	520	430	520	34	?	35	7900	2	5	3	60	1965	3063	14.32352941	8	0	0	30	2	79.14764079	487
2	2	601	438	4728	3310	403	421	58	2	43	7985	1	9	7	42	1962	3461	17.9137931	16	0	0	34	1	70.00846024	1039
2	3	522	756	1058	744	485	528	63	3	71	8030	2	6	5	?	1940	93108	20.28571429	11	0	0	931	2	70.32136106	1278
2	3	1436	1624	2345	1386	530	600	240	4	70	8215	6	13	11	80	?	55057	12.75	24	0	0	550	4	59.10447761	3060
1	3	2516	2533	3329	?	521	577	491	3	75	8392	4	10	8	77	1911	75275	10.28309572	18	0	1	752	3	?	5049
2	3	994	1207	1336	869	550	595	164	2	70	8606	5	10	8	68	1860	60188	13.42073171	18	0	0	601	3	65.04491018	2201
1	2	440	410	1100	700	510	520	65	3	80	8710	3	7	7	60	1782	21620	13.07692308	14	0	1	216	3	63.63636364	850
1	3	1244	1547	2800	1680	510	535	428	1	76	8740	4	11	10	80	1887	20064	6.521028037	21	0	1	200	3	60	2791
1	2	1555	356	1233	988	?	?	278	1	68	8850	5	8	6	65	1940	60616	6.874100719	14	0	1	606	3	80.1297648	1911
2	2	576	643	1125	850	540	590	?	4	85	8988	6	9	9	70	1833	49007	?	18	0	0	490	4	75.55555556	1219
1	2	2778	2875	6389	4997	530	570	1198	3	91	9070	4	9	8	61	1821	20052	4.71869783	17	0	1	200	3	78.21255283	5653
2	2	517	491	850	652	?	?	80	3	93	9120	5	11	10	72	1837	61401	12.6	21	0	0	614	3	76.70588235	1008
1	       	1259	228	1930	1600	450	510	199	0	65	9200	2	12	8	58	1819	5663	7.472361809	20	0	1	56	2	82.9015544	1487
2	2	38	673	682	616	510	510	92	3	90	9350	1	3	9	65	1885	21204	7.72826087	12	0	0	212	1	90.32258065	711
2	2	441	386	552	470	520	560	74	4	76	9623	4	11	8	?	1851	54971	11.17567568	19	0	0	549	3	85.14492754	827
1	3	4900	2672	7975	3089	580	660	811	4	85	9650	8	14	14	91	1842	46556	9.336621455	28	0	1	465	4	38.73354232	7572
1	3	2234	2978	7658	4564	550	576	409	3	70	9674	4	9	7	?	1893	20016	12.74327628	16	0	1	200	3	59.59780622	5212
1	2	4642	3859	5425	4317	?	?	1464	2	95	9787	4	9	7	?	1925	33124	5.806693989	16	0	1	331	3	79.57603687	8501
2	2	650	592	1723	1056	606	635	126	4	84	9922	7	10	9	74	1846	50112	9.857142857	19	0	0	501	4	61.28845038	1242
2	2	222	170	282	240	620	610	57	4	51	10200	5	0	0	65	1696	21404	6.877192982	0	0	0	214	3	85.10638298	392
1	3	3963	5051	15457	5034	560	600	569	2	88	10203	6	14	14	82	1863	2167	15.84182777	28	0	1	21	4	32.56776865	9014
1	2	3168	2656	15120	3275	630	690	?	4	99	10320	8	13	11	?	1838	27706	?	24	0	1	277	4	21.66005291	5824
2	2	1030	1070	3784	2024	515	560	160	4	95	10440	4	12	10	73	1831	43023	13.125	22	0	0	430	3	53.48837209	2100
2	2	688	522	1647	1039	640	650	81	2	80	10600	7	0	0	60	1909	97202	14.9382716	0	0	0	972	4	63.08439587	1210
2	3	541	575	1178	612	530	550	77	3	88	10745	5	10	8	62	1857	60045	14.49350649	18	0	0	600	3	51.9524618	1116
2	2	909	944	2905	1256	630	670	146	4	85	11015	7	13	11	75	1866	55057	12.69178082	24	0	0	550	4	43.23580034	1853
2	3	796	757	2251	1204	572	598	?	4	96	11017	7	11	10	77	1824	43022	?	21	0	0	430	4	53.48733896	1553
1	3	2697	2829	11939	2533	626	665	408	3	86	11048	8	11	9	87	1789	20057	13.54411765	20	0	1	200	4	21.21618226	5526
2	2	562	283	1471	725	580	640	87	4	98	11088	6	11	9	87	1946	91711	9.712643678	20	0	0	917	4	49.28619986	845
1	2	1218	829	3066	1502	?	?	160	4	91	11103	6	11	10	80	1795	12308	12.79375	21	0	1	123	4	48.98891063	2047
2	2	694	713	3192	1238	620	670	146	4	96	11120	8	11	9	80	1887	91711	9.636986301	20	0	0	917	4	38.78446115	1407
1	2	4861	6186	10383	6124	540	590	2646	4	95	11130	6	11	11	70	1831	10011	4.174981104	22	0	1	100	4	58.98102668	11047
1	2	701	137	1589	452	680	760	284	4	98	11159	8	11	5	72	1891	91125	2.950704225	16	0	1	911	4	28.44556325	838
1	2	2804	1326	6759	3651	?	?	531	4	97	11160	7	13	9	80	?	15213	7.777777778	22	0	1	152	4	54.0168664	4130
2	2	793	867	2141	1257	580	620	120	4	96	11172	6	10	9	90	1857	90041	13.83333333	19	0	0	900	4	58.71088277	1660
2	2	430	105	1100	400	630	740	?	4	100	11190	8	10	6	85	1955	91711	?	16	0	0	917	4	36.36363636	535
1	2	3109	2344	7262	5229	552	598	872	2	98	11280	6	8	7	75	1834	70118	6.253440367	15	0	1	701	4	72.00495731	5453
1	2	1724	946	4306	2159	620	680	335	4	95	11320	8	13	10	85	?	21218	7.970149254	23	0	1	212	4	50.13934046	2670
2	2	0	2622	2323	1323	600	600	237	4	92	11362	6	0	16	85	1871	1063	11.06329114	32	0	0	10	4	56.95221696	2622
1	2	1493	1223	6352	1991	?	?	190	4	93	11395	6	12	10	86	1819	13346	14.29473684	22	0	1	133	4	31.34445844	2716
1	2	7910	6472	11553	7259	494	570	?	3	87	11498	4	10	9	65	1880	90089	?	19	0	1	900	3	62.83216481	14382
1	2	3556	3363	12687	4200	590	650	1349	4	90	11637	8	10	9	80	1851	60043	5.128984433	19	0	1	600	4	33.1047529	6919
2	2	0	2148	2387	1161	610	640	234	4	78	11680	8	0	11	85	1870	2181	9.179487179	22	0	0	21	4	48.63845832	2148
2	2	876	829	3291	1383	560	610	228	4	86	11700	6	13	13	82	1813	4901	7.478070175	26	0	0	49	4	42.023701	1705
2	2	1159	912	5099	1197	?	?	184	4	85	11836	8	28	21	93	1793	1267	11.25543478	49	0	0	12	4	23.47519121	2071
2	2	1334	1511	4106	1933	613	630	233	4	90	11870	7	10	10	75	1833	44074	12.21030043	20	0	0	440	4	47.07744764	2845
1	2	3722	2849	16884	2565	?	?	1266	4	97	11880	8	16	13	?	1885	94305	5.190363349	29	0	1	943	4	15.19189765	6571
2	2	702	902	3331	1416	560	600	129	3	86	11950	6	12	15	90	1911	6320	12.43410853	27	0	0	63	4	42.50975683	1604
1	2	6451	7175	19644	11393	551	602	1530	?	93	11950	6	12	9	61	1839	2215	8.905882353	21	0	1	22	4	57.99735288	13626
1	2	5281	4163	13018	4042	610	680	?	4	96	11976	8	13	13	85	1740	19104	?	26	0	1	191	4	31.04931633	9444
1	2	2924	2267	13059	2310	?	?	?	4	100	12120	8	15	15	95	1701	6520	?	30	0	1	65	4	17.68895015	5191
1	2	1386	1447	4050	2408	600	640	352	3	90	12130	7	11	10	85	1948	2254	8.048295455	21	0	1	22	4	59.45679012	2833
2	2	837	713	4682	985	642	679	157	4	82	12160	8	12	9	?	?	1002	9.872611465	21	0	0	10	4	21.03801794	1550
1	2	1665	1335	7034	1870	640	680	375	4	98	12200	8	18	12	93	1754	10027	8	30	0	1	100	4	26.5851578	3000
1	2	1386	1279	5425	1709	640	680	280	4	86	12350	8	14	14	91	1831	6457	9.517857143	28	0	1	64	4	31.50230415	2665
1	2	1920	1280	4310	2212	626	665	1175	4	98	12460	7	11	9	70	1890	60637	2.723404255	20	0	1	606	4	51.3225058	3200
1	2	2600	1671	9368	1900	?	?	?	4	92	12474	8	19	17	93	1769	3755	?	36	0	1	37	4	20.28181042	4271
1	3	415	450	1400	840	620	590	78	4	80	12490	5	5	6	?	1860	12504	11.08974359	11	0	1	125	3	60	865
1	2	3894	2699	14220	?	?	?	?	4	99	12890	8	18	16	98	1636	2138	?	34	0	1	21	4	?	6593
1	2	2961	2600	12486	2790	630	670	521	4	96	12960	8	14	14	87	1764	2912	10.67370441	28	0	1	29	4	22.34502643	5561
2	2	0	1954	2106	1198	?	?	167	4	86	13350	6	0	13	83	1837	1075	11.7005988	26	0	0	10	4	56.88509022	1954
1	2	2814	1750	12620	2041	648	699	?	4	?	13380	8	22	15	90	1746	8544	?	37	0	1	85	4	16.17274168	4564
