1	0	25	25	2	18	17	0	2	0	14	?	1	1	0	0	0	1	0	1	?	10.000	18	60	20	1	1	0	?	0	0	270	250
1	1	15	15	?	?	?	?	0	0	1	?	1	1	0	1	0	1	0	0	?	5.000	8	105	15	1	1	0	?	1	1	1040	50
1	0	18	18	?	?	?	?	0	0	3	?	1	1	?	0	0	1	0	0	?	10.000	4	150	?	1	1	0	?	1	1	270	150
1	0	21	21	?	?	?	?	0	0	9	?	1	1	0	0	0	1	0	1	?	19.000	68	220	130	1	1	0	?	1	1	550	480
1	0	17	17	?	?	?	?	0	0	7	?	1	1	0	1	0	1	0	1	?	10.000	150	250	?	1	1	0	?	1	1	885	100
1	0	18	18	?	?	?	?	0	0	4	?	1	1	0	0	0	0	0	1	?	3.000	16	105	?	1	1	0	?	1	1	178	50
2	0	56	20	?	?	?	?	0	0	5	?	1	1	0	1	0	1	0	0	0	7.174	49	1113	169	1	1	?	1	1	0	363	2548
2	1	42	9	?	?	?	?	0	0	8	?	1	1	0	0	0	1	0	0	0	4.230	22	431	47	1	1	?	1	1	0	180	320
2	1	38	5	?	?	?	?	0	0	6	?	1	1	0	1	0	1	0	0	0	8.653	36	413	20	1	1	?	1	1	0	517	425
2	0	41	8	?	?	?	?	0	0	1	?	1	1	0	0	0	0	0	0	0	3.165	14	212	?	1	1	?	1	1	0	178	635
2	1	38	9	?	?	?	?	0	0	8	?	1	1	0	0	0	0	0	0	0	2.880	21	182	8	1	1	?	1	1	0	185	500
2	0	56	23	5	165	102	16	2	0	6	?	1	1	0	1	0	0	0	0	0	10.991	72	691	?	1	1	?	1	1	0	1296	50
2	0	21	16	3	55	43	4	2	0	2	?	1	1	0	1	0	1	0	0	0	4.295	23	92	25	1	1	?	1	1	0	724	360
2	0	53	20	?	?	?	?	0	0	3	?	1	1	0	0	0	0	0	0	0	2.330	32	577	14	1	1	?	1	1	0	282	807
2	0	49	16	?	?	?	?	0	0	2	?	1	0	0	1	0	0	1	0	0	8.388	42	970	48	1	1	?	1	1	0	296	370
2	0	40	7	?	?	?	?	0	0	6	?	1	1	0	0	0	0	0	0	0	3.872	23	296	16	1	1	?	1	1	0	191	504
2	0	43	10	?	?	?	?	0	0	2	?	1	1	0	0	0	0	0	0	0	885	11	135	78	1	1	?	1	1	0	68	26
2	0	36	3	5	98	80	16	2	0	3	2	1	1	?	1	0	0	1	0	0	4.785	39	382	26	1	1	?	1	1	0	995	1600
2	0	53	20	5	82	56	10	1	0	3	?	1	1	0	0	0	0	1	0	0	4.624	26	585	96	1	1	?	1	1	0	328	852
2	0	35	8	?	?	?	?	0	0	5	6	1	1	0	0	0	1	0	0	0	3.670	20	228	?	1	1	?	1	1	0	157	25
2	0	41	8	?	?	?	?	0	0	0	7	1	1	0	0	0	0	0	0	0	2.425	13	114	30	1	1	?	1	1	0	60	275
3	0	82	24	2	25	31	1	1	0	0.5	?	1	1	0	0	0	1	0	0	0	11.770	65	250	150	?	?	0	?	1	0	598	1700
3	0	54	6	1	?	?	?	0	0	4	4	1	1	0	0	0	1	0	1	0	16.260	24	175	80	?	?	0	?	1	0	129	2100
3	0	73	26	?	?	?	?	0	0	13	?	1	1	0	0	0	1	0	1	0	7.055	16	170	60	?	?	0	?	0	0	110	150
3	0	68	10	?	?	?	?	0	0	7	?	1	1	0	1	0	1	1	1	0	23.895	55	210	50	?	?	0	?	0	0	311	350
3	0	68	22	?	?	?	?	0	0	9	?	1	1	0	1	0	1	1	1	0	9.045	40	2052	350	?	?	0	?	0	0	1195	900
3	0	80	34	?	?	?	?	0	0	18	?	1	1	0	0	0	1	0	1	0	8.665	23	170	30	?	?	0	?	0	0	187	400
3	0	79	33	?	?	?	?	0	0	17	?	1	1	0	1	0	1	0	1	0	14.215	60	380	80	?	?	0	?	0	0	474	550
3	0	99	41	?	?	?	?	0	0	9	?	1	1	0	0	0	1	0	1	0	85.729	193	480	100	?	?	0	?	0	0	912	4000
3	0	71	13	?	?	?	?	0	0	9	8	1	1	0	1	0	1	0	1	0	7.805	24	110	40	?	?	0	?	0	0	267	750
3	0	71	13	?	?	?	?	0	0	3	7	1	1	0	1	0	1	0	3	0	44.210	76	420	120	?	?	0	?	0	0	633	2650
3	0	71	13	?	?	?	?	0	0	0.25	?	1	1	0	0	0	1	1	1	0	16.275	76	600	50	?	?	0	?	1	0	854	950
3	0	64	18	?	?	?	?	0	0	5	?	1	1	0	0	1	1	0	1	0	14.510	45	418	150	?	?	0	?	1	0	367	350
3	0	72	26	?	?	?	?	0	0	12	?	1	1	0	0	0	1	0	0	0	10.080	23	228	60	?	?	1	?	0	0	336	550
3	0	77	19	?	?	?	?	0	0	0	15	1	1	0	0	0	1	1	1	0	53.200	50	160	40	?	?	0	?	0	0	386	1650
3	0	68	10	?	?	?	?	0	0	0	1	1	1	0	0	0	0	0	0	0	8.265	6	1080	20	?	?	0	?	0	0	130	125
3	0	74	16	?	?	?	?	0	0	12	?	1	1	0	0	0	1	1	0	0	4.925	2	40	10	?	?	?	?	0	0	125	650
3	2	76	18	?	?	?	?	0	0	14	?	1	1	0	0	0	1	0	0	0	13.565	15	230	200	?	?	?	?	0	0	384	1850
3	?	79	21	?	?	?	?	0	0	2	?	1	1	0	1	1	1	0	1	0	6.650	60	190	50	?	?	?	?	0	0	597	250
4	1	76	9	3	78	87	10	3	3	6	?	1	1	0	1	0	1	0	?	1	65000	70	2100	?	?	?	?	?	0	0	1572	2000
4	?	106	39	3	20	16	1	1	0	1	?	1	1	0	1	0	1	0	?	?	20000	37	200	?	?	?	?	?	0	0	390	2050
4	?	69	32	1	0	0	1	1	0	1	12	0	1	1	0	0	1	0	?	?	15000	12	100	?	?	?	?	?	0	0	73	800
4	?	110	48	1	0	0	1	1	0	6	?	1	1	0	0	0	?	0	?	?	20000	21	150	?	?	?	?	?	0	0	97	1500
4	?	72	5	0	?	?	?	0	0	2	?	0	1	1	0	0	?	0	?	?	13000	8	70	?	?	?	?	?	0	0	71	2500
4	?	97	22	2	0	0	1	1	0	5	17	1	1	0	0	0	?	0	?	?	30000	40	300	?	?	?	?	?	0	0	231	3000
4	?	77	10	2	20	21	2	1	0	2	5	1	1	0	0	0	?	0	?	?	5000	15	150	?	?	?	?	?	0	0	265	1600
4	?	75	8	1	0	0	1	1	0	5	?	1	1	0	0	0	?	0	?	?	18000	8	100	?	?	?	?	?	0	0	188	2500
4	?	108	40	2	18	15	2	1	0	28	?	0	1	1	0	0	?	0	?	?	20000	20	200	?	?	?	?	?	0	0	219	1500
4	1	50	20	1	?	?	?	0	0	11	9	1	1	0	0	0	1	0	?	?	12000	30	200	?	?	?	?	?	0	0	484	3000
4	1	90	31	5	20	20	3	2	0	7	?	1	1	0	0	0	?	0	?	?	18000	35	180	?	?	?	?	?	0	0	332	2000
4	?	90	23	2	20	22	2	1	0	7	?	1	1	0	0	0	1	0	?	?	3000	16	65	?	?	?	?	?	0	0	240	1100
4	2	38	33	2	36	39	8	1	3	0.25	?	1	1	0	0	1	1	0	4	6	28000	80	800	?	?	?	?	?	1	0	1080	5500
4	1	80	13	5	42	28	13	3	3	1	?	1	1	0	1	0	?	0	?	1	40000	35	320	?	?	?	?	?	0	0	564	2000
4	2	137	70	5	38	35	6	2	0	0.5	?	1	1	0	0	0	?	0	?	1	45000	30	1000	?	?	?	?	?	0	0	590	5000
4	?	114	47	5	130	96	10	2	3	25	?	1	1	0	1	0	1	0	?	?	25000	65	250	?	?	?	?	?	0	0	767	4000
4	?	80	10	1	0	0	1	1	0	7	?	1	1	0	0	?	?	0	?	?	10000	14	200	200	?	?	?	?	0	0	361	1100
4	?	88	20	2	61	53	7	3	3	3	?	1	1	0	1	?	1	0	?	1	26000	30	280	?	?	?	?	?	0	0	710	2100
4	1	50	19	2	0	0	2	1	0	2	?	1	1	0	1	?	1	0	?	1	18000	25	350	?	?	?	?	?	0	0	338	1500
4	1	75	8	1	9	19	1	1	0	5	?	1	1	0	0	?	1	0	?	?	15000	200	150	?	?	?	?	?	0	0	249	3000
4	?	55	23	1	0	0	1	1	0	3	21	1	1	0	0	?	?	0	?	?	13000	25	62	?	?	?	?	?	0	0	179	1000
4	?	70	29	6	47	45	3	3	0	14	5	1	1	0	1	?	1	0	?	?	12000	25	350	?	?	?	?	?	0	0	820	3200
4	?	75	33	1	28	22	2	1	0	15	6	1	1	0	0	?	?	0	?	?	8000	15	250	?	?	?	?	?	0	0	249	2000
4	?	80	40	1	0	0	1	1	0	5	?	1	1	0	0	?	?	0	?	?	13000	30	100	?	?	?	?	?	0	0	137	2000
4	1	90	23	3	54	46	8	2	3	2	10	1	1	0	1	?	1	0	?	?	21000	32	300	?	?	?	?	?	0	0	1216	3200
4	?	105	37	1	0	0	1	1	0	26	4	1	1	0	0	?	?	0	?	?	13000	8	250	?	?	?	?	?	0	0	126	700
4	?	70	40	3	19	26	1	2	0	5	10	1	1	0	0	?	?	0	?	?	10000	18	350	?	?	?	?	?	0	0	338	2700
4	?	66	39	2	0	0	1	2	0	1	?	1	1	0	0	?	1	0	?	?	20000	23	350	?	?	?	?	?	0	0	433	2200
4	?	104	37	?	?	?	?	0	0	10	?	1	1	0	0	?	?	0	?	?	4000	6	200	?	?	?	?	?	0	0	67	1100
4	?	90	41	2	0	0	1	1	0	0.5	?	1	1	0	0	?	?	0	?	?	30000	25	200	?	?	?	?	?	0	0	336	1000
4	2	60	33	2	24	14	2	1	0	2	5	1	1	0	0	?	?	0	?	?	10000	30	100	?	?	?	?	?	0	0	323	1100
4	?	64	17	1	12	17	1	1	0	7	?	1	1	0	0	?	1	0	?	?	8000	24	350	?	?	?	?	?	0	0	245	4000
4	?	70	13	2	39	26	8	1	3	3	?	1	1	0	1	?	1	1	?	?	29000	55	400	200	?	?	?	?	0	0	324	3800
4	?	82	15	1	10	8	13	1	0	2	?	0	1	1	0	?	?	0	?	?	10000	20	100	?	?	?	?	?	0	0	191	400
4	?	60	36	1	9	4	1	1	0	5	6	1	1	0	0	?	?	0	?	?	5000	13	300	?	?	?	?	?	0	0	180	2100
4	?	85	18	?	?	?	?	0	0	0	16	0	1	1	0	?	?	0	?	?	18000	20	40	?	?	?	?	?	0	0	132	1200
4	?	128	41	3	17	17	2	2	0	29	?	1	1	0	1	?	?	0	?	?	28000	31	150	?	?	?	?	?	0	0	265	1500
4	?	100	23	1	1	0	0	2	2	10	?	1	1	0	0	?	1	0	?	?	2700	9	50	?	?	?	?	?	0	0	120	700
4	?	115	46	2	35	33	3	1	0	24	?	1	1	0	1	?	?	0	?	?	25000	40	250	?	?	?	?	?	0	0	426	2500
4	?	105	26	3	112	76	6	3	3	12	?	1	1	0	1	?	1	0	?	?	15000	25	300	?	?	?	?	?	0	0	2112	2000
4	?	101	32	2	16	9	1	1	0	5	27	0	1	1	1	?	?	0	?	?	20000	15	80	?	?	?	?	?	0	0	76	1000
4	1	91	24	2	22	30	1	2	0	26	?	1	1	0	1	?	?	0	?	?	41000	50	550	?	?	?	?	?	0	0	327	4000
4	?	85	14	?	?	?	?	0	0	5	7	1	1	0	1	?	?	0	?	?	35000	30	40	?	?	?	?	?	0	0	307	2000
4	?	101	34	9	122	88	17	2	3	12	?	1	1	0	0	?	?	0	2	?	55000	73	600	?	?	?	?	?	1	0	884	3000
4	1	77	9	1	0	0	1	1	0	1	?	1	1	0	0	?	1	0	1	1	15000	30	210	80	?	?	?	?	0	0	167	1500
4	?	97	30	?	?	?	?	0	0	5	28	1	1	0	0	?	?	0	?	?	15000	18	120	?	?	?	?	?	0	0	68	2000
4	1	105	36	?	?	?	?	0	0	20	5	0	1	1	0	?	?	0	?	?	10000	15	150	?	?	?	?	?	0	0	124	1500
4	?	57	10	2	19	14	3	1	0	1	?	1	1	0	0	?	?	0	?	?	30000	50	450	?	?	?	?	?	0	0	592	7000
4	3	55	41	2	9	14	1	1	0	5	?	1	1	0	1	?	1	0	1	?	4000	39	360	?	?	?	?	?	0	0	282	2000
4	?	95	28	?	?	?	?	0	0	22	?	1	1	0	0	?	?	0	?	?	46000	25	250	?	?	?	?	?	0	0	137	1000
4	?	57	23	2	0	0	2	1	0	0	7	1	1	0	0	?	1	0	?	?	11000	16	200	?	?	?	?	?	0	0	217	1500
4	?	81	14	2	0	0	1	1	0	0	10	1	1	0	1	?	?	0	?	?	18000	40	230	?	?	?	?	?	0	0	158	200
4	?	70	32	2	19	15	2	1	0	7	?	1	1	0	0	?	?	0	?	?	10000	25	200	?	?	?	?	?	0	0	312	2500
4	1	85	18	5	15	12	1	1	0	12	?	1	1	0	1	?	?	0	?	?	45000	98	3500	50	?	?	?	?	0	0	429	3500
4	?	84	17	1	0	0	2	1	0	6	9	1	1	0	0	?	?	0	?	?	25000	35	170	?	?	?	?	?	0	0	271	800
4	?	100	32	?	?	?	?	0	0	5	24	1	1	0	0	?	?	0	?	?	20000	25	230	?	?	?	?	?	0	0	91	1200
4	?	110	30	?	?	?	?	0	0	16	3	0	0	1	0	?	?	0	?	?	7000	11	50	50	?	?	?	?	0	0	128	700
5	0	108	8	1	0	0	0	1	0	2	?	1	1	0	0	0	1	0	0	0	6500	25	60	?	1	1	0	?	0	0	111	2000
5	0	110	23	2	0	0	0	1	0	10	?	1	1	0	0	0	1	0	0	1	8000	30	150	200	1	1	0	1	0	0	218	3000
5	0	85	16	1	0	0	1	1	0	3	?	1	1	0	1	0	1	0	0	0	7000	20	120	?	1	1	1	0	0	0	108	1300
5	0	116	16	1	0	0	0	0	0	0	3	0	1	1	0	0	1	0	0	1	500	3	50	100	1	1	1	0	0	0	28	3000
5	0	134	34	1	0	0	0	1	0	0	30	0	1	1	0	0	1	0	0	1	1000	5	50	50	1	1	1	0	0	0	26	500
5	0	111	11	1	0	0	0	1	0	3	3	1	1	0	0	0	1	0	0	1	1000	6	45	25	1	1	1	0	0	0	63	1000
5	0	113	13	1	0	0	0	1	0	10	?	1	1	0	0	0	1	0	1	1	4500	10	60	1000	1	1	1	0	0	0	75	1300
5	0	118	18	1	0	0	0	0	0	0	10	0	1	1	0	0	0	0	0	0	500	?	30	?	1	0	1	0	0	0	7	3000
5	0	111	11	1	0	0	0	0	0	0	4	1	1	0	0	0	0	0	0	0	4700	10	100	400	1	1	1	0	0	0	41	4000
5	0	115	15	1	0	0	0	0	0	9	?	0	1	1	0	0	1	0	0	0	2500	10	100	?	1	1	1	0	1	0	53	700
5	0	113	13	1	0	0	0	1	0	3	?	1	1	0	0	0	0	0	0	0	20000	25	100	?	1	1	0	0	0	0	165	2000
5	0	133	33	1	6	9	2	1	0	0	29	0	1	1	0	0	0	0	0	0	1000	?	120	30	1	1	1	0	0	0	66	100
5	0	134	134	1	0	0	1	1	0	4	8	1	1	0	0	0	1	0	0	0	2000	?	110	150	1	1	0	1	0	0	108	3000
5	3	83	17	2	0	0	2	1	0	1	?	1	1	0	0	0	1	0	1	1	6000	20	25	?	1	1	1	0	0	0	262	400
5	0	121	21	1	0	0	0	0	0	0	8	0	1	1	0	0	0	0	0	0	1000	5	120	100	1	1	0	0	0	0	44	1800
5	1	94	20	3	0	0	0	1	0	7	?	1	1	0	0	0	1	0	0	1	2000	80	100	?	1	1	1	0	0	0	219	350
5	0	130	30	1	0	0	0	0	0	0	7	0	1	1	0	0	0	0	0	0	100	?	10	?	1	1	0	0	0	0	47	400
5	0	118	18	1	0	0	0	0	0	0	16	1	1	0	0	0	0	0	0	0	1000	15	50	30	1	1	0	0	0	0	47	1000
5	0	143	43	2	0	0	0	1	0	0	36	1	1	0	1	0	1	0	0	1	3200	10	300	100	1	1	0	0	0	0	168	3000
5	0	108	8	1	0	0	0	1	0	2	?	1	1	0	0	0	1	0	0	1	4000	15	35	60	1	1	1	0	0	0	122	2000
5	0	108	8	1	0	0	0	0	0	0	3	0	1	1	0	0	0	0	0	0	1000	1	15	?	1	1	0	0	0	0	22	700
5	0	141	41	5	0	0	1	2	0	0	13	1	1	0	0	0	1	0	0	1	1700	70	300	250	1	1	0	1	0	0	363	5000
5	0	111	11	1	0	0	0	1	0	2	?	1	1	0	0	0	1	0	0	1	6000	25	30	50	1	1	0	1	0	0	144	1500
5	0	120	20	0	0	0	0	0	0	0	1	1	1	0	0	0	0	0	0	0	200	2	80	100	1	1	0	0	0	0	36	1000
5	0	118	18	2	0	0	1	1	0	3	11	1	1	0	1	0	1	0	0	0	2500	15	250	100	1	1	0	0	0	0	138	2500
5	0	115	15	1	0	0	1	1	0	3	?	1	1	0	0	0	1	0	0	0	5000	10	100	100	1	1	1	0	0	0	113	800
5	0	116	16	1	0	0	0	1	0	15	?	0	1	1	0	0	1	0	0	0	3000	4	250	80	1	1	0	0	0	0	154	600
5	0	118	18	1	0	0	0	1	0	0	5	0	1	1	0	0	0	0	0	0	1000	1	35	?	1	1	1	0	0	0	15	1000
5	0	120	20	1	0	0	0	0	0	3	11	0	1	1	0	0	0	0	0	0	2400	5	80	120	1	1	1	0	0	0	23	1000
5	0	141	41	4	41	34	9	2	1	13	?	1	1	0	1	0	1	0	1	1	25000	100	250	100	1	1	0	1	0	0	316	1500
5	0	124	24	1	0	0	0	1	0	1	?	0	1	1	0	0	0	0	0	0	2000	1	80	150	1	1	1	0	0	0	43	1000
5	0	116	16	1	0	0	0	0	0	0	3	0	1	1	0	0	0	0	0	0	1000	3	100	100	1	1	1	0	0	0	43	1000
5	0	145	45	1	0	0	1	1	0	0	17	1	1	0	0	0	1	0	0	0	3000	12	20	20	1	1	1	0	0	0	65	2000
5	0	114	14	1	0	0	0	1	0	0	5	1	1	0	0	0	1	0	0	1	8000	30	35	20	1	1	1	1	1	0	234	800
5	1	119	19	0	0	0	0	0	0	0	1	0	1	1	0	0	0	0	0	0	1000	?	70	100	1	1	1	1	0	0	46	3000
5	0	146	46	3	41	33	1	1	0	4	8	1	1	0	0	0	1	0	1	1	12000	110	160	200	1	1	0	0	0	0	511	700
5	0	109	10	2	0	0	1	1	0	2	?	1	1	0	0	0	0	0	0	0	39000	75	250	60	1	1	1	0	0	0	372	1000
5	0	122	22	1	0	0	0	1	0	3	13	1	1	0	0	0	1	0	1	1	2300	5	50	50	1	1	0	0	0	0	42	1000
5	0	112	12	1	0	0	0	1	0	0	7	1	1	0	0	0	1	0	0	1	2000	2	120	?	1	1	1	0	0	0	51	300
5	0	130	30	0	0	0	0	0	0	1	?	0	0	1	0	0	1	0	1	1	400	?	30	30	1	1	0	0	0	0	75	250
5	0	125	25	1	0	0	0	1	0	0	17	0	1	1	0	0	1	0	1	1	1000	20	220	40	1	1	0	0	0	0	78	5000
5	0	115	15	1	0	0	0	0	0	0	6	1	1	0	0	0	0	0	0	0	500	5	70	20	1	1	1	1	0	0	21	2000
5	0	110	10	1	0	0	1	1	0	4	?	1	1	0	0	0	1	0	0	1	15000	25	100	70	1	1	0	1	0	0	164	150
5	0	105	5	2	0	0	0	1	0	5	?	1	1	0	0	0	1	0	1	1	4500	20	180	100	1	1	1	0	0	0	136	3000
5	0	110	10	2	0	0	2	1	0	10	?	1	1	0	0	0	1	1	0	1	4500	40	250	50	1	1	1	0	1	0	370	3500
5	0	116	16	1	0	0	0	0	0	0	7	0	1	1	0	0	0	0	0	0	1000	2	25	?	1	1	1	1	0	0	15	200
5	0	155	55	1	21	21	2	2	0	22	?	1	1	0	0	0	0	0	0	1	30000	75	250	200	1	1	0	1	0	0	319	200
5	1	114	14	1	0	0	0	1	0	0	6	1	1	0	1	0	0	0	0	0	2000	2	70	250	1	1	1	0	0	0	55	2000
5	0	136	36	0	0	0	0	0	0	0	26	0	1	1	0	0	0	0	0	0	590	2	25	10	1	1	1	1	0	0	25	300
5	0	122	22	3	0	0	1	2	0	11	?	1	1	0	1	0	1	0	0	1	45000	80	300	500	1	1	1	0	0	0	388	100
5	0	133	33	3	0	0	0	1	0	4	?	1	1	0	0	0	0	0	1	1	600	?	160	150	1	1	0	1	0	0	250	400
5	0	118	18	1	0	0	0	1	0	3	9	1	1	0	0	0	1	0	0	1	2000	6	100	50	1	1	0	1	0	0	35	600
5	0	125	25	3	0	0	1	1	0	3	15	1	1	0	1	0	1	1	1	1	4500	35	200	100	1	1	0	0	0	0	333	350
5	0	106	6	1	0	0	0	0	0	6	?	1	1	0	0	0	0	0	0	0	1750	4	50	?	1	1	1	1	0	0	38	3000
5	0	123	23	5	18	18	1	3	0	4	?	1	1	0	0	0	1	0	0	1	28500	110	400	70	1	1	0	0	1	0	530	1500
5	0	121	21	3	12	14	4	2	0	0.25	?	1	1	0	0	0	0	0	0	1	10000	90	100	180	1	1	1	0	1	0	356	2000
5	0	117	17	1	0	0	0	1	0	0.25	?	1	1	0	1	0	0	0	0	1	1000	1	130	?	1	1	1	0	0	0	78	5000
5	0	122	22	4	41	39	8	2	0	18	?	1	1	0	1	0	1	0	0	1	4000	30	1000	280	1	1	0	0	1	0	550	400
5	0	143	43	1	0	0	0	1	0	0	15	1	1	0	0	0	0	0	0	0	5000	7	60	30	1	1	0	1	0	0	114	800
5	1	136	36	1	0	0	0	1	0	0	28	1	1	0	1	0	0	0	0	0	2000	2	170	50	1	1	1	0	0	0	50	10000
5	0	115	15	1	0	0	0	1	0	0	2	1	1	0	0	0	1	0	1	1	2000	5	100	?	1	1	1	0	0	0	56	4000
5	0	116	16	2	0	0	0	2	0	5	?	1	1	0	1	0	1	0	1	1	17000	40	350	150	1	1	0	0	0	0	385	1400
5	0	131	31	0	0	0	0	0	0	0	28	0	1	1	0	0	0	0	0	0	1000	1	70	10	1	1	0	1	0	0	41	100
6	0	138	28	2	4	4	0	1	0	27	3	0	1	1	0	0	1	0	?	?	100	?	388	?	?	1	?	?	0	0	86	2370
6	0	128	18	2	?	?	?	1	0	7	?	1	1	0	0	0	1	0	?	?	110	2	388	100	?	1	?	1	0	0	89	470
6	0	140	26	?	?	?	?	0	0	9	19	1	0	0	0	0	1	0	?	?	450	1	340	60	?	1	?	?	0	0	127	950
6	0	104	6	1	?	?	?	1	0	1	?	1	1	0	1	0	1	0	?	?	350	2	326	70	?	1	?	1	0	0	135	200
6	0	124	14	?	0	?	?	0	0	10	?	1	1	0	0	0	1	0	?	?	50	2	174	?	?	1	?	1	0	0	50	963
6	0	113	2	1	?	?	?	1	0	1	?	1	1	0	0	0	1	0	?	?	600	?	115	10	?	1	?	?	0	0	51	1950
6	0	118	8	?	?	?	?	0	0	?	?	?	?	?	0	0	1	0	?	?	400	2	212	20	?	1	?	1	0	0	254	948
6	0	124	14	2	6	8	1	1	0	0	4	1	1	0	0	0	1	0	?	?	530	2	250	87	?	2	?	1	0	0	167	136
6	6	140	30	1	?	?	?	1	0	11	?	0	0	1	0	0	1	0	?	?	1350	3	400	80	?	1	?	1	0	0	466	517
6	2	135	35	7	47	37	4	4	0	8	?	1	1	0	0	0	1	0	?	?	235	1	2100	20	?	2	?	?	0	0	119	675
6	0	115	3	2	10	5	1	1	0	24	?	0	1	1	0	0	1	1	?	?	150	?	344	13	?	1	?	1	1	0	119	155
6	2	130	21	1	?	?	?	0	0	2	?	0	1	1	0	0	1	0	?	?	280	1	122	300	?	1	?	1	0	0	2250	180
6	0	120	11	6	42	20	6	4	1	0.25	?	1	1	0	1	1	1	0	?	?	2500	3	706	20	?	2	?	?	0	0	203	2300
6	4	127	17	4	46	1	5	3	1	6	?	1	1	0	0	0	1	0	?	?	370	2	290	85	?	1	?	1	0	0	222	2800
6	2	120	11	1	11	10	1	1	0	2	?	1	1	0	0	0	1	0	?	?	210	2	566	80	?	1	?	?	0	0	510	1900
6	0	124	18	1	7	3	1	1	0	0.25	?	1	1	0	1	0	1	0	?	?	250	?	480	50	?	1	?	?	0	0	169	2100
6	0	136	25	1	?	?	?	1	0	0	3	0	0	1	0	0	1	0	?	?	1250	1	175	70	?	1	?	1	0	0	137	500
6	3	137	27	1	12	13	1	1	0	0	5	1	1	0	0	0	1	0	?	?	2000	2	532	120	?	1	?	1	0	0	169	2575
6	0	134	24	2	14	7	1	1	0	0	1	1	1	0	0	0	1	0	?	?	250	3	360	30	?	1	?	1	0	0	170	2310
6	1	129	10	2	?	?	?	1	0	8	?	1	1	0	0	0	1	0	?	?	110	?	436	30	?	1	?	?	0	0	52	2310
6	0	138	28	1	?	?	?	1	0	0	8	1	1	0	0	0	1	0	?	?	450	1	220	20	?	1	?	?	0	0	66	725
6	0	120	10	3	?	?	?	1	0	7	?	1	1	0	1	0	1	0	?	?	755	2	266	?	?	1	?	?	0	0	164	532
6	0	103	7	0	?	?	?	0	0	0.5	?	1	1	0	0	0	1	0	?	?	250	?	489	?	?	1	?	?	0	0	97	184
6	0	115	5	1	?	?	?	1	0	4	?	1	1	0	0	0	1	0	?	?	800	1	92	100	?	1	?	?	0	0	168	250
6	1	105	7	1	?	?	?	1	0	0	3	1	1	0	0	0	1	0	?	?	100	?	292	30	?	1	?	?	0	0	90	640
6	0	128	18	2	4	3	1	2	0	9	14	1	1	0	0	0	1	0	?	?	?	?	384	15	?	1	?	?	1	0	129	2300
6	0	125	15	2	?	?	?	1	0	9	?	1	1	0	1	0	1	1	?	?	700	3	604	150	?	1	?	1	1	0	267	1080
6	4	124	14	2	5	9	1	1	0	3	?	1	1	0	0	0	1	0	?	?	300	4	384	45	?	1	?	?	0	0	189	148
6	0	118	8	1	?	?	?	1	0	7	?	0	1	1	0	0	1	1	?	?	1850	?	301	25	?	1	?	?	0	0	136	1300
6	6	142	32	4	13	13	2	2	0	27	?	1	1	0	1	0	1	1	?	?	210	5	2300	150	?	2	?	1	0	0	396	550
6	0	127	17	0	?	?	?	0	0	8	1	1	0	0	0	0	1	0	?	?	35	?	38	?	?	1	?	?	1	0	96	584
6	1	123	13	2	9	18	2	2	0	0	2	1	1	0	0	0	1	0	?	?	500	3	1273	75	?	1	?	1	0	0	551	500
6	0	124	14	1	?	?	?	1	0	10	?	0	1	1	0	0	1	0	?	?	1490	?	111	30	?	1	?	?	0	0	157	1626
6	9	130	20	5	20	18	2	3	0	14	?	1	1	0	0	0	1	0	?	?	2000	5	2250	80	?	2	?	1	0	0	469	2575
6	0	120	10	1	2	5	1	1	0	0	2	1	1	0	0	0	1	0	?	?	150	1	600	20	?	1	?	?	0	0	275	2310
6	0	126	16	2	57	1	5	2	0	13	?	1	1	0	1	0	1	0	?	?	370	1	650	150	?	2	?	?	0	0	372	415
6	0	128	18	1	?	?	?	1	0	16	?	1	1	0	0	0	1	0	?	?	200	6	216	?	?	1	?	?	0	0	120	430
6	0	123	13	1	2	6	1	1	0	2	?	1	1	0	0	0	1	0	?	?	150	1	166	?	?	1	?	?	0	0	198	400
6	3	146	36	3	6	7	1	1	0	14	?	1	1	0	0	0	1	0	?	?	210	?	426	150	?	1	?	?	0	0	183	874
7	700	15	14	0	0	0	0	0	0	40	?	1	1	0	0	0	?	1	?	?	2000	30	150	150	1	1	?	?	0	1	4700	1500
7	150	16	14	3	31	26	4	1	0	4	?	1	1	0	0	0	?	1	?	?	2000	15	200	100	1	1	?	1	0	0	1800	2000
7	457	12	18	6	152	108	14	2	0	6	?	1	1	0	0	1	1	0	1	?	1500	30	800	?	1	1	?	1	0	0	2100	1000
8	0	33	9	3	34	35	6	1	0	0.25	?	1	1	0	0	0	1	0	0	0	9820	35	388	55	1	1	?	?	0	1	820	300
8	0	64	24	1	?	?	?	1	0	12	8	1	1	0	1	0	1	0	0	0	11500	16	447	180	1	1	?	?	0	0	230	950
8	0	57	15	2	21	15	1	1	0	13	?	1	1	0	0	0	0	0	0	0	10165	30	250	100	1	1	?	?	0	0	223	700
8	0	51	12	2	?	?	?	1	0	0	2	1	1	0	1	0	1	0	0	0	11835	10	228	250	1	1	?	?	0	0	409	500
8	0	58	20	1	?	?	?	1	0	13	9	1	1	0	1	0	1	0	0	0	11022	20	645	150	1	1	?	?	0	0	108	600
8	0	42	4	1	?	?	?	1	0	3	?	1	1	0	0	0	0	0	0	0	10995	15	316	65	1	1	?	?	0	0	285	750
8	0	58	15	2	?	?	?	1	0	13	3	1	1	0	0	0	0	0	0	0	9320	32	250	150	1	1	?	?	0	0	150	450
8	0	80	42	1	?	?	?	1	0	30	?	1	1	0	0	0	0	0	0	0	6240	8	233	80	1	1	?	?	0	0	102	3000
8	0	59	20	2	16	18	1	1	0	19	?	1	1	0	1	0	1	0	0	0	10011	25	310	325	1	1	?	?	0	0	514	300
8	0	20	5	2	17	10	1	1	0	10	?	1	1	0	0	0	1	0	0	0	12090	38	453	50	1	1	?	?	0	0	346	1300
8	0	61	20	1	?	?	?	1	0	9	8	0	1	1	0	0	0	0	0	0	5695	5	169	0	1	1	?	?	0	0	142	250
8	0	78	38	2	?	?	?	1	0	0	16	1	1	0	0	0	1	0	0	0	8278	5	567	120	1	1	?	?	0	0	114	4200
8	0	65	25	1	?	?	?	1	0	0	4	1	1	0	1	0	1	0	0	0	6758	10	365	240	1	1	?	?	0	0	281	300
8	0	78	40	1	?	?	?	1	0	29	?	1	1	0	0	0	1	0	0	0	6755	3	377	210	1	1	?	?	0	0	207	400
8	0	56	18	1	?	?	?	1	0	12	6	1	1	0	0	0	1	0	0	0	4715	5	230	240	1	1	?	?	0	0	93	500
8	0	55	17	2	?	?	?	1	0	13	7	1	1	0	0	0	1	0	0	0	11465	30	350	220	1	1	?	?	0	0	193	600
8	0	66	26	1	?	?	?	1	0	0	10	1	1	0	0	0	1	0	0	0	7871	16	182	340	1	1	?	?	0	0	131	250
8	0	55	17	?	?	?	?	1	0	12	2	1	1	0	0	0	0	0	0	0	3705	4	89	180	1	1	?	?	0	0	54	100
8	0	88	50	1	?	?	?	1	0	21	11	1	1	0	0	0	0	0	0	0	4590	8	465	50	1	1	?	?	0	0	145	200
8	0	68	25	1	?	?	?	1	0	23	1	1	1	0	0	0	1	0	0	0	4090	8	236	30	1	1	?	?	0	0	90	400
8	0	25	15	8	282	240	6	1	0	0.25	?	1	1	0	0	0	1	1	0	0	9800	250	470	250	1	1	?	?	1	1	1102	500
8	0	86	48	1	?	?	?	1	0	24	10	1	1	0	0	0	0	0	0	0	3090	3	347	150	1	1	?	?	0	0	159	600
8	0	77	37	1	?	?	?	1	0	27	10	1	1	0	0	0	0	0	0	0	5940	3	572	175	1	1	?	?	0	0	196	600
8	0	80	39	1	11	10	0	1	0	27	13	1	1	0	0	0	0	1	0	0	3240	10	1080	250	1	1	?	?	0	0	305	650
8	0	66	15	1	?	?	?	1	0	16	?	1	1	0	0	0	0	0	0	0	7270	8	250	50	1	1	?	?	0	0	172	300
8	0	55	15	5	39	30	5	1	0	13	?	1	1	0	0	0	0	0	0	0	8050	19	460	100	1	1	?	?	0	0	177	700
8	0	65	25	8	108	78	8	2	1	17	?	1	1	0	0	0	1	0	1	0	23150	22	1690	310	1	1	?	?	0	0	3337	4000
8	0	48	10	?	?	?	?	0	0	3	5	0	1	1	0	0	1	0	0	0	3290	4	85	0	1	1	?	?	0	0	25	200
8	0	18	18	2	61	56	6	1	0	0.25	?	1	1	0	0	0	1	1	0	0	9675	16	690	0	1	1	?	?	1	1	789	300
8	0	35	35	1	?	?	?	1	0	7	?	1	1	0	0	0	1	1	0	0	12265	18	380	100	1	1	?	?	1	0	217	1000
8	0	35	35	1	?	?	?	1	0	26	?	1	1	0	0	0	1	1	0	0	7862	15	645	350	1	1	?	?	0	0	220	700
8	0	15	15	1	?	?	?	1	0	0	5	1	1	0	0	0	0	0	0	0	5390	8	485	0	1	1	?	?	0	0	182	700
8	0	8	8	7	222	179	8	2	1	9	?	1	1	0	1	0	1	0	0	0	22005	550	1415	300	1	1	?	?	0	0	2082	600
8	0	2	2	3	30	22	5	1	0	2	?	1	1	0	1	0	0	0	1	0	10945	22	660	500	1	1	?	?	0	1	913	150
8	0	25	25	2	?	?	?	1	0	0	5	1	1	0	1	0	0	0	0	0	11448	6	875	50	1	1	?	?	0	0	213	500
8	0	10	10	1	?	?	?	1	0	10	?	0	1	1	0	0	1	0	0	0	5110	4	170	0	1	1	?	?	0	0	54	200
8	0	25	25	?	?	?	?	1	0	12	15	1	1	0	0	0	0	0	0	0	4140	3	80	0	1	1	?	?	0	0	36	600
8	0	19	19	1	?	?	?	1	0	0	1	1	1	0	0	0	0	0	0	0	15625	20	782	250	1	1	?	?	0	0	326	150
8	0	30	30	2	?	?	?	1	0	25	2	1	1	0	0	0	0	0	0	0	8380	17	444	150	1	1	?	?	0	0	303	1500
8	0	15	15	1	?	?	?	1	0	0	1	0	1	1	1	0	0	0	0	0	5490	7	240	0	1	1	?	?	0	0	123	300
8	0	7	7	?	?	?	?	0	0	0.25	?	1	1	0	0	0	1	0	0	0	12245	10	465	0	1	1	?	?	0	0	187	700
8	0	15	15	3	16	21	2	2	0	17	?	1	1	0	1	0	1	0	0	0	7420	9	635	0	1	1	?	?	0	0	314	1300
8	0	5	5	2	?	?	?	1	0	3	2	1	1	0	0	0	0	0	0	0	9865	18	372	15	1	1	?	?	0	0	147	200
8	0	22	22	2	?	?	?	1	0	13	5	1	1	0	0	0	0	0	0	0	10150	8	180	0	1	1	?	?	0	0	301	500
8	0	15	15	2	?	?	?	1	0	9	6	1	1	0	0	0	0	0	0	0	4390	6	228	0	1	1	?	?	0	0	196	400
8	0	10	10	1	38	24	1	1	0	?	?	?	1	?	0	0	1	0	0	0	15000	34	350	0	1	1	?	?	0	0	431	600
8	0	19	19	2	?	?	?	1	0	4	?	1	1	0	0	0	1	0	0	0	10108	12	175	150	1	1	?	?	0	0	264	300
8	0	25	25	1	?	?	?	1	0	3	?	1	1	0	0	0	1	0	0	0	9215	20	300	5	1	1	?	?	0	0	152	200
9	0	65	25	1	5	4	1	2	0	18	7	1	1	0	0	0	0	0	0	0	350	9	173	50	1	1	?	?	0	0	359	2100
9	0	67	27	2	5	7	1	2	0	18	5	1	1	0	0	0	1	0	0	0	1485	20	107	50	1	1	?	?	0	0	129	1810
9	0	53	13	5	59	40	12	3	1	1	?	1	1	0	0	1	1	1	0	0	1815	35	285	50	1	1	?	?	1	0	771	4790
9	0	53	13	8	38	38	8	2	1	11	?	1	1	0	1	0	1	1	0	0	2115	33	460	100	1	1	?	?	0	0	482	3030
9	0	57	17	1	?	?	?	2	0	16	?	1	1	0	0	0	1	0	0	0	1500	35	92	100	1	1	?	?	0	0	164	740
9	0	67	27	3	16	21	1	2	0	3	15	1	1	0	0	0	1	1	0	0	1825	19	650	300	1	1	?	?	0	0	302	5390
9	0	74	34	1	20	10	3	1	0	3	21	1	1	0	0	0	1	1	0	0	420	16	486	100	1	1	?	?	0	0	248	4700
9	0	62	22	3	13	9	1	4	0	20	?	1	1	0	1	0	1	1	0	0	1690	25	210	50	1	1	?	?	0	0	319	1950
9	0	46	6	0	0	0	0	0	0	6	?	1	1	0	0	0	0	0	0	0	1190	11	127	50	1	1	?	?	0	0	98	1450
9	0	68	28	1	11	12	1	1	0	27	?	1	1	0	0	0	1	0	0	0	2440	17	173	100	1	1	?	?	0	0	197	1330
9	0	60	20	2	14	18	2	2	0	18	1	1	1	0	0	0	0	0	0	0	425	16	229	50	1	1	?	?	0	0	252	2870
10	?	?	?	3	1	?	?	1	0	8	?	1	1	0	0	0	1	0	1	0	8550	38	400	0	1	1	?	0	0	1	280	480
10	?	?	?	2	1	?	?	2	0	2	?	1	1	0	1	0	1	0	0	0	5000	43	95	0	1	1	?	1	0	1	520	1155
11	0	182	16	2	9	14	3	1	0	16	?	1	1	0	0	0	?	0	?	?	6189	7	190	10	1	1	?	0	1	0	199	1163
11	0	188	20	2	27	19	5	1	0	23	?	1	1	0	0	0	?	0	?	?	8190	33	284	9	1	1	?	0	0	0	301	1135
11	1	178	12	4	8	11	3	3	0	9	?	1	1	0	0	0	?	0	?	?	9991	13	294	14	1	1	?	0	0	0	257	651
11	0	182	16	?	?	?	?	0	0	13	?	1	1	0	0	0	?	0	?	?	3000	5	60	??	1	1	?	0	0	0	101	150
11	0	169	15	?	?	?	?	0	0	11	3	1	1	0	0	0	?	0	?	?	1835	6	42	2	1	1	?	0	0	0	36	230
11	0	166	12	2	7	11	2	1	0	11	?	1	1	0	0	0	?	0	?	?	4763	20	172	6	1	1	?	0	0	0	127	290
11	0	189	17	2	6	9	2	1	0	21	?	1	1	0	0	0	?	0	?	?	3397	11	90	10	1	1	?	0	0	0	157	370
11	0	187	15	?	?	?	?	0	0	12	?	1	1	0	0	0	?	0	?	?	8382	9	230	10	1	1	?	0	0	0	123	820
11	0	186	14	?	?	?	?	0	0	18	?	1	1	0	1	0	?	0	?	?	4004	8	239	3	1	1	?	0	1	0	492	692
12	0	48	28	?	33	31	0	0	0	5	?	1	1	0	0	0	0	0	0	0	2200	35	200	25	1	1	?	?	1	0	526	1250
12	0	42	22	?	18	14	0	0	0	10	?	1	1	0	0	0	0	0	0	0	1300	61	400	0	1	1	?	?	1	1	436	500
12	0	43	23	2	23	27	2	2	0	8	?	1	1	0	0	0	1	0	0	0	2500	65	350	40	1	1	?	?	1	1	588	4000
12	0	36	16	?	?	?	?	0	0	1	?	1	1	0	0	0	0	0	0	0	1650	20	120	100	1	1	?	?	1	1	199	2000
12	0	35	15	?	10	6	0	0	0	0.5	?	1	1	0	0	0	1	0	0	0	1900	15	400	0	1	1	?	?	1	1	142	900
12	0	28	8	?	10	10	0	0	0	7	?	1	1	0	0	0	1	0	0	0	2050	23	200	100	1	1	?	?	1	1	279	1300
12	0	28	8	?	15	10	0	0	0	7	?	1	1	0	0	0	1	0	0	0	1550	38	4221	0	1	1	?	?	1	1	357	900
12	0	40	20	3	27	26	3	1	0	0.5	?	1	1	0	1	0	0	0	0	0	2000	20	470	0	1	1	?	?	0	1	410	1400
12	0	36	16	?	14	11	0	0	0	4	?	1	1	0	0	0	1	0	0	0	1100	20	122	30	1	1	?	?	1	1	400	250
12	0	50	30	6	51	51	2	2	1	2	?	1	1	0	1	0	0	0	0	0	4800	70	322	35	1	1	?	?	0	1	2020	1420
12	0	53	33	?	8	6	0	0	0	11	?	1	1	0	0	0	1	0	0	0	3350	35	242	0	1	1	?	?	1	1	232	2000
12	0	60	40	?	7	8	0	0	0	2	?	1	1	0	0	0	0	0	0	0	3150	75	250	250	1	1	?	?	0	1	443	1900
12	0	60	40	?	9	12	0	0	0	2	2	1	1	0	0	0	0	0	0	0	6050	110	250	0	1	1	?	?	0	1	598	2800
12	0	40	20	8	86	94	4	0	1	0.5	?	1	1	0	1	0	1	0	0	0	3350	25	140	0	1	1	?	?	0	1	537	1500
12	0	45	25	?	?	?	0	0	0	4	?	1	1	0	0	0	0	0	0	0	1750	20	50	60	1	1	?	?	1	1	238	1500
12	0	47	27	?	16	13	0	0	0	15	?	1	1	0	0	0	0	0	0	0	2100	38	300	0	1	1	?	?	1	1	313	1400
12	0	32	12	2	30	23	2	1	0	4	?	1	1	0	0	0	1	0	0	0	2300	40	900	10	1	1	?	?	1	1	515	1400
12	0	43	23	?	7	2	0	0	0	4	?	1	1	0	0	0	0	1	0	0	1500	15	250	15	1	1	?	?	1	1	207	500
12	0	40	20	4	65	54	4	1	0	11	?	1	1	0	0	0	0	0	0	0	800	16	200	0	1	1	?	?	0	1	1064	700
12	0	48	28	6	87	80	12	6	0	7	?	1	1	0	1	0	1	0	0	0	7600	200	655	0	1	1	?	?	0	1	2704	12000
12	0	28	8	?	10	11	0	0	0	3	?	1	1	0	0	0	1	0	0	0	2000	30	500	70	1	1	?	?	1	1	476	1000
12	0	55	35	?	9	5	0	0	0	11	?	1	1	0	0	0	0	0	0	0	1000	20	332	0	1	1	?	?	0	1	97	1200
12	0	38	18	?	6	3	0	0	0	8	?	1	1	0	0	0	1	0	0	0	1150	15	150	0	1	1	?	?	1	1	251	450
12	0	37	17	?	15	15	0	0	0	8	?	1	1	0	0	0	1	0	0	0	1800	40	400	50	1	1	?	?	0	1	354	700
12	0	52	32	?	13	12	0	0	0	5	?	1	1	0	0	0	0	0	0	0	3000	45	280	40	1	1	?	?	0	1	451	2500
12	0	53	33	?	7	3	0	0	0	2	?	1	1	0	0	0	0	0	0	0	850	12	50	0	1	1	?	?	0	1	121	50
12	0	32	12	2	32	32	2	2	0	3	?	1	1	0	0	0	1	0	0	0	3100	50	905	40	1	1	?	?	1	1	725	1500
12	0	23	3	5	23	27	3	0	0	3	?	1	1	0	0	0	1	0	0	0	800	17	300	30	1	1	?	?	1	1	553	610
12	0	50	30	8	72	65	5	3	1	7	?	1	1	0	1	0	1	0	0	0	3900	120	450	70	1	1	?	?	0	1	1681	7500
12	0	52	32	?	6	4	0	0	0	1	?	1	1	0	0	0	0	0	0	0	750	8	100	0	1	1	?	?	0	1	96	600
12	0	60	40	?	17	13	0	0	0	18	?	1	1	0	0	0	1	0	0	0	3300	55	250	80	1	1	?	?	1	1	376	1500
12	0	36	16	5	51	37	7	1	0	5	?	1	1	0	0	0	0	1	0	0	700	10	130	80	1	1	?	?	1	1	712	150
12	0	54	34	?	15	13	0	0	0	4	?	1	1	0	0	0	1	0	0	0	1300	30	75	0	1	1	?	?	0	0	264	1600
13	0	112	23	?	?	?	?	0	0	0.25	?	1	1	0	1	0	1	0	1	1	4100	1	230	110	1	2	?	?	0	0	308	520
13	0	193	6	?	?	?	?	0	0	3	?	1	1	0	1	0	1	0	0	1	1800	?	50	15	1	1	?	?	0	0	81	230
13	0	97	8	?	?	?	?	0	0	6	?	1	1	0	0	0	1	0	0	1	3900	2	45	85	1	1	?	?	0	0	167	35
13	0	80	9	?	?	?	?	0	0	0.25	?	0	1	1	0	0	1	0	1	1	1953	?	30	32	1	1	?	?	0	0	119	350
13	0	89	10	?	?	?	?	0	0	4	2	1	1	0	1	0	1	1	0	1	6020	15	150	25	1	1	?	?	1	0	243	4250
13	0	92	13	?	?	?	?	0	0	8	?	1	1	0	0	0	1	1	1	1	9720	10	215	170	1	1	?	?	0	0	150	1900
13	0	93	4	?	?	?	?	0	0	3	?	1	1	0	0	0	1	0	0	0	7770	13	159	74	1	1	?	?	1	0	365	2500
13	0	106	17	?	?	?	?	0	0	0.25	?	1	1	0	0	0	1	0	0	1	2000	6	260	35	1	1	?	?	0	0	100	870
13	0	93	4	?	?	?	?	0	0	1	?	1	1	0	0	0	1	0	0	0	1500	2	78	29	1	1	?	?	0	0	136	50
13	0	92	3	?	?	?	?	0	0	0.25	?	1	1	0	0	0	1	0	0	0	860	2	75	42	1	1	?	?	0	0	105	550
13	0	100	11	8	94	51	13	4	0	6	?	1	1	0	1	0	1	1	0	1	6350	60	350	650	1	2	?	?	1	0	2006	790
13	0	101	12	?	?	?	?	0	0	8	?	1	1	0	0	0	1	0	0	0	1950	4	170	75	1	1	?	?	0	0	117	940
13	0	101	12	?	?	?	?	0	0	7	?	1	1	0	0	0	1	0	0	0	3200	8	307	45	1	1	?	?	0	0	314	400
13	0	94	15	?	?	?	?	0	0	4	8	1	1	0	0	0	1	0	0	1	3105	4	68	22	1	1	?	?	0	0	97	1100
13	0	104	15	?	?	?	?	0	0	10	?	1	1	0	0	0	1	0	1	0	1500	1	200	20	1	1	?	?	0	0	153	1200
13	0	99	10	?	?	?	?	0	0	3	7	1	1	0	0	0	1	0	0	0	1300	2	75	30	1	1	?	?	0	0	55	250
13	0	103	14	?	?	?	?	0	0	1	?	1	1	0	0	0	1	0	0	0	4990	10	150	17	1	1	?	?	0	0	71	130
13	0	103	14	?	?	?	?	0	0	3	10	1	1	0	0	0	0	0	0	0	1140	1	125	10	1	1	?	?	0	0	30	50
13	0	83	13	3	7	32	3	2	0	6	6	1	1	0	0	0	0	0	0	0	12500	32	320	38	1	1	?	?	1	0	550	1100
13	0	114	25	8	34	28	7	5	0	15	?	1	1	0	1	0	1	0	0	0	6000	5	850	120	1	1	?	?	0	0	2016	3700
13	0	103	14	?	?	?	?	0	0	10	?	1	1	0	1	0	1	0	1	1	1650	7	500	67	1	1	?	?	0	0	362	780
13	0	101	12	?	?	?	?	0	0	1	?	1	1	0	0	0	1	0	0	0	4150	3	125	?	1	1	?	?	0	0	72	580
13	0	101	12	?	?	?	?	0	0	3	?	1	1	0	1	0	1	1	1	1	1500	4	210	19	1	1	?	?	0	0	187	800
14	?	?	34	1	17	13	1	1	0	12	15	1	1	0	1	0	0	0	?	?	5500	13	180	?	1	1	?	?	0	0	320	60
14	?	?	34	5	84	69	5	1	0	10	?	1	1	0	0	0	0	0	?	?	15362	60	105	?	1	1	?	?	0	0	848	2400
14	?	?	13	?	?	?	?	0	0	1	?	1	1	0	0	0	0	0	?	?	18351	25	110	?	1	1	?	?	0	0	192	260
14	?	?	71	2	37	42	7	1	0	12	49	1	1	0	1	0	0	0	?	?	27000	20	115	?	1	1	?	?	0	0	810	1600
14	?	?	45	6	130	100	12	2	0	0.25	?	1	1	0	1	0	1	0	?	?	27850	45	530	?	1	1	?	?	0	0	1071	2700
14	?	?	43	5	108	98	11	1	0	0	1	1	1	0	1	0	1	0	?	?	34173	40	180	?	1	1	?	?	0	0	1555	3200
14	?	?	29	3	26	35	3	2	0	9	?	1	1	0	1	0	1	0	?	?	28764	100	550	80	1	1	?	?	0	0	667	3200
14	?	?	43	1	18	15	1	1	0	0.25	?	1	1	0	0	0	0	0	?	?	7544	6	172	?	1	1	?	?	0	0	295	350
14	?	?	47	2	18	23	5	1	0	4	8	1	1	0	0	0	1	0	?	?	20996	13	150	?	1	1	?	?	0	0	337	750
14	?	?	52	8	99	102	12	3	0	0.25	?	1	1	0	0	1	0	0	?	?	31952	28	680	?	1	1	?	?	0	0	1416	2500
14	?	?	43	1	8	15	1	1	0	0	14	1	1	0	0	0	0	0	?	?	22938	8	180	?	1	1	?	?	0	0	308	550
14	?	?	36	3	84	66	4	2	0	12	14	1	1	0	0	0	1	0	?	?	6321	25	200	?	1	1	?	?	0	0	626	1300
14	?	?	47	2	6	9	1	1	0	12	15	1	1	0	0	0	0	0	?	?	12225	10	35	?	1	1	?	?	0	0	169	200
14	?	?	50	1	33	32	4	1	0	0	7	1	1	0	0	0	0	0	?	?	17619	50	120	?	1	1	?	?	0	0	500	650
14	?	?	18	?	?	?	?	0	0	5	?	1	1	0	1	0	0	0	?	?	5104	5	102	?	1	1	?	?	0	0	67	300
14	?	?	27	4	15	13	1	2	0	14	?	1	1	0	0	0	?	0	?	?	82733	103	502	150	1	1	?	?	0	0	622	2600
14	?	?	9	?	?	?	?	0	0	0.5	?	1	1	0	0	0	0	0	?	?	5955	3	47	?	1	1	?	?	0	0	91	450
14	?	?	40	2	18	25	3	1	0	0.25	?	1	1	0	0	0	0	0	?	?	12564	12	125	?	1	1	?	?	0	0	407	1200
14	?	?	40	3	18	22	2	2	0	8	?	1	1	0	0	0	0	0	?	?	37490	70	400	?	1	1	?	?	0	0	521	1200
14	?	?	43	1	6	6	2	1	0	7	?	1	1	0	0	0	0	0	?	?	15725	19	110	?	1	1	?	?	0	0	258	1800
14	?	?	70	2	49	41	5	1	0	12	47	1	1	0	0	0	0	0	?	?	3000	20	172	?	1	1	?	?	0	0	663	1500
14	?	?	41	4	49	32	5	3	0	0	33	1	1	?	0	0	0	0	?	?	31587	60	400	?	1	1	?	?	0	0	1057	2700
14	?	?	28	4	22	18	2	2	0	4	?	1	1	0	0	0	0	0	?	?	61800	58	500	?	1	1	?	?	0	0	517	4250
14	?	?	39	2	39	39	5	1	0	1	?	1	1	0	1	0	0	0	?	?	27618	70	350	?	1	1	?	?	0	0	867	1800
14	?	?	20	1	13	12	1	1	0	5	3	1	1	0	0	0	0	0	?	?	10216	11	200	?	1	1	?	?	0	0	230	1550
14	?	?	43	2	4	12	1	1	0	0	10	1	1	0	0	0	0	0	?	?	25335	60	380	80	1	1	?	?	0	0	420	3200
14	?	?	8	?	?	?	?	0	0	0	6	1	1	0	0	0	1	0	?	?	4133	5	80	?	1	1	?	?	0	0	278	1800
14	?	?	22	1	12	10	1	1	0	12	4	1	1	0	0	0	0	0	?	?	6106	17	145	?	1	1	?	?	0	0	225	800
14	?	?	14	4	24	33	2	1	0	1	?	1	1	0	0	0	0	0	?	?	16302	25	150	?	1	1	?	?	0	0	508	1200
14	?	?	35	5	50	47	6	1	0	0	26	1	1	0	0	1	0	0	?	?	10833	40	250	?	1	1	?	?	0	0	693	2189
14	?	?	65	5	86	70	14	2	0	12	42	1	1	?	1	0	0	0	?	?	53130	80	450	?	1	1	?	?	0	0	1289	1700
14	?	?	14	?	?	?	?	0	0	0	8	1	1	0	0	0	0	0	?	?	19287	15	135	?	1	1	?	?	0	0	314	2300
14	?	?	45	2	7	16	2	1	0	0	3	1	1	0	0	0	0	0	?	?	15166	70	320	?	1	1	?	?	0	0	452	300
14	?	?	7	?	?	?	?	0	0	0	5	1	1	0	0	0	0	0	?	?	5520	6	16	100	1	1	?	?	0	0	179	850
14	?	?	26	2	30	26	2	1	0	12	7	1	1	0	0	0	0	0	?	?	5504	15	120	?	1	1	?	?	0	0	383	1100
14	?	?	37	?	?	?	?	0	0	0	7	1	1	0	1	0	0	0	?	?	33074	46	300	?	1	1	?	?	0	0	350	1500
14	?	?	31	1	8	10	1	1	0	0	24	1	1	0	0	0	0	0	?	?	3599	7	58	?	1	1	?	?	0	0	130	1650
14	?	?	26	3	14	13	2	1	0	0.5	?	1	1	0	1	0	0	0	?	?	28772	19	75	?	1	1	?	?	0	0	433	100
14	?	?	20	2	31	27	3	2	0	1	5	1	1	0	0	0	0	0	?	?	10245	18	104	?	1	1	?	?	0	0	562	1800
14	?	?	40	4	33	39	2	2	0	19	?	1	1	0	0	0	0	0	?	?	12000	30	180	?	1	1	?	?	0	0	509	1500
14	?	?	59	5	113	95	9	2	0	0.25	?	1	1	0	1	0	0	0	?	?	29000	55	350	?	1	1	?	?	0	0	1092	2500
14	?	?	31	6	49	42	7	3	0	0	24	1	1	0	0	0	1	0	?	?	26590	50	200	?	1	1	?	?	0	0	898	1700
14	?	?	15	5	47	46	5	1	0	2	?	1	1	0	0	0	0	0	?	?	21136	68	500	?	1	1	?	?	0	0	852	1800
14	?	?	40	1	8	13	2	1	0	12	16	1	1	0	0	0	0	0	?	?	11000	13	150	?	1	1	?	?	0	0	314	1200
14	?	?	52	?	?	?	?	0	0	0	45	1	1	0	0	0	0	0	?	?	17628	15	25	?	1	1	?	?	0	0	127	600
14	?	?	50	2	14	14	2	1	0	0	5	1	1	0	0	0	0	0	?	?	3400	?	60	?	1	1	?	?	0	0	173	3250
14	?	?	8	?	?	?	?	0	0	0	3	1	1	0	1	0	0	0	?	?	28215	38	250	?	1	1	?	?	0	0	599	2750
14	?	?	30	1	20	17	1	1	0	7	?	1	1	0	0	0	0	0	?	?	14880	25	115	?	1	1	?	?	0	0	352	1520
14	?	?	52	?	?	?	?	0	0	4	12	1	1	0	0	0	0	0	?	?	7179	6	50	?	1	1	?	?	0	0	184	650
14	?	?	6	0	?	?	?	0	0	0	2	0	1	1	0	0	0	0	?	?	5000	3	118	?	1	0	?	?	0	0	68	360
14	?	?	43	3	23	17	3	1	0	4	4	1	1	0	1	0	0	0	?	?	8817	14	45	?	1	1	?	?	0	0	389	150
14	?	?	10	?	?	?	?	0	0	0	8	1	1	0	0	0	0	0	?	?	6107	5	120	?	1	1	?	?	0	0	137	800
14	?	?	22	?	?	?	?	0	0	0	15	1	1	0	1	0	0	0	?	?	22218	25	100	?	1	1	?	?	0	0	427	900
14	?	?	62	1	12	13	1	1	0	0	3	1	1	0	0	0	0	0	?	?	2220	15	150	?	1	1	?	?	0	0	244	1100
14	?	?	13	?	?	?	?	0	0	5	?	1	1	0	0	0	0	0	?	?	18133	22	120	?	1	1	?	?	0	0	264	1100
14	?	?	20	2	38	32	6	2	0	6	4	1	1	0	1	0	0	0	?	?	13540	30	110	?	1	1	?	?	0	0	598	1550
14	?	?	71	1	18	19	4	1	0	0.25	?	1	1	0	0	0	0	0	?	?	17406	20	250	?	1	1	?	?	0	0	408	250
14	?	?	52	1	4	3	1	1	0	12	28	1	1	0	0	0	0	0	?	?	21708	17	58	?	1	1	?	?	0	0	187	1200
14	?	?	47	1	15	10	1	1	0	0.25	?	1	1	0	0	0	0	0	?	?	6210	10	48	?	1	1	?	?	0	0	213	400
14	?	?	45	4	138	127	5	3	0	0.25	?	1	1	0	1	0	0	0	?	?	39203	65	116	?	1	1	?	?	0	0	1396	1850
14	?	?	23	3	40	15	2	2	0	0.25	?	1	1	0	1	0	1	0	?	?	27610	100	550	?	1	1	?	?	0	0	649	1150
14	?	?	26	?	?	?	?	0	0	10	?	1	1	0	0	0	0	0	?	?	7860	25	6	?	1	1	?	?	0	0	69	300
14	?	?	29	2	7	7	1	1	0	5	16	1	1	0	0	0	0	0	?	?	24152	50	100	10	1	1	?	?	0	0	294	750
14	?	?	13	?	?	?	?	0	0	0	12	1	1	0	0	0	0	0	?	?	8888	15	80	?	1	1	?	?	1	0	180	1100
14	?	?	69	2	28	26	2	1	0	0	8	1	1	0	0	1	1	0	?	?	34567	40	150	?	1	1	?	?	0	0	448	1050
14	?	?	68	1	22	19	2	1	0	12	42	1	1	0	1	0	1	0	?	?	30830	25	280	?	1	1	?	?	0	0	495	1250
14	?	?	52	1	24	19	1	1	0	0	2	1	1	0	0	0	0	0	?	?	4200	8	152	?	1	1	?	?	0	0	201	1200
14	?	?	51	6	62	54	8	1	0	0.25	?	1	1	0	1	0	0	0	?	?	19000	35	150	?	1	1	?	?	0	0	1065	1920
14	?	?	44	4	95	90	4	1	0	12	19	1	1	0	0	0	0	0	?	?	24400	60	188	?	1	1	?	?	0	0	882	1750
14	?	?	56	2	96	55	3	1	0	0	4	1	1	0	0	0	1	0	?	?	13000	20	125	?	1	1	?	?	0	0	655	900
14	?	?	8	?	?	?	?	0	0	3	?	1	1	0	0	0	1	0	?	?	23816	40	210	30	1	1	?	?	1	0	549	1600
14	?	?	17	1	7	7	1	1	0	12	?	1	1	0	1	0	0	0	?	?	7638	20	150	?	1	1	?	?	0	0	238	950
14	?	?	13	2	12	9	2	2	0	0	5	1	1	0	0	0	1	0	?	?	17278	35	136	?	1	1	?	?	0	0	355	950
14	?	?	50	6	197	174	11	2	0	4	?	1	1	0	0	0	0	0	?	?	43785	50	450	?	1	1	?	?	0	0	1664	2050
15	0	86	30	2	8	6	1	1	0	0	12	1	1	0	1	0	1	0	0	0	11336	50	98	210	1	1	?	0	0	0	341	410
15	0	87	31	?	?	?	?	0	0	0	13	1	1	0	0	0	0	0	0	0	8159	37	131	?	1	1	?	0	0	0	269	208
15	0	86	30	?	?	?	?	0	0	0	2	1	1	0	0	0	1	0	0	0	5460	18	48	?	1	0	?	0	0	0	74	250
15	0	65	9	1	3	4	1	1	0	4	?	1	1	0	1	0	1	0	0	0	4625	21	197	50	1	1	?	1	0	0	309	998
15	0	67	19	?	?	?	?	0	0	0	3	1	1	0	0	0	0	0	0	0	3155	26	190	25	1	1	?	1	0	0	241	60
15	1	66	7	?	?	?	?	0	0	3	?	1	1	0	0	0	0	0	0	0	4819	19	128	20	1	1	?	0	0	0	209	80
15	0	102	46	1	3	4	1	2	0	0	15	1	1	0	0	0	0	0	0	0	3367	25	171	100	1	1	?	0	0	0	297	180
15	0	92	36	?	?	?	?	0	0	0	18	1	1	0	0	0	1	0	0	0	8396	20	179	190	1	1	?	0	0	0	309	1000
15	1	59	39	2	11	11	2	2	0	0.25	?	1	1	0	0	0	1	0	0	0	7761	30	277	150	1	1	?	1	0	0	254	273
15	0	104	48	?	?	?	?	0	0	0	18	1	1	0	1	0	1	0	0	0	4983	35	315	20	1	1	?	0	0	0	324	280
15	0	71	15	?	?	?	?	0	0	0	2	1	1	0	0	0	0	0	0	0	8300	18	80	25	1	1	?	0	0	0	128	50
15	0	67	19	?	?	?	?	0	0	0.25	?	1	1	0	0	0	0	0	0	0	6961	33	261	150	1	1	?	0	0	0	382	220
15	0	91	35	?	?	?	?	0	0	0	4	0	1	1	0	0	1	0	0	0	9235	14	49	50	1	0	?	1	0	0	254	226
15	0	54	16	2	5	4	1	1	0	2	?	1	1	0	0	0	0	0	0	0	7732	50	558	15	1	1	?	1	0	0	267	1586
15	0	82	26	?	?	?	?	0	0	0	8	1	1	0	0	0	1	0	0	1	14669	50	303	150	1	1	?	1	0	0	270	167
15	0	70	4	?	?	?	?	0	0	4	?	1	1	0	0	0	0	1	0	0	7612	24	527	200	1	1	?	0	0	0	157	1431
15	0	76	10	1	5	2	1	1	0	0	6	1	1	0	0	0	0	0	0	0	9375	15	413	170	1	1	?	0	1	0	347	500
15	0	73	7	2	17	11	2	1	0	7	?	1	1	0	1	0	1	0	0	0	8314	37	477	50	1	1	?	0	0	0	174	1930
15	1	80	19	2	11	8	2	1	0	3	?	1	1	0	1	0	1	0	0	1	7827	14	289	40	1	1	?	1	0	0	450	152
15	0	69	21	8	166	101	15	3	0	0.25	?	1	1	0	0	1	0	0	0	0	7416	19	204	?	1	1	?	0	0	0	444	240
15	0	108	52	1	5	4	1	1	0	0	22	1	1	0	0	0	0	0	0	0	1954	60	257	?	1	1	?	0	0	0	618	137
15	0	94	38	?	?	?	?	0	0	0	7	1	0	0	1	0	0	0	0	0	5350	21	125	30	1	1	?	0	0	0	123	50
15	0	63	7	?	?	?	?	0	0	2	?	1	1	0	0	0	0	0	0	0	6310	26	95	?	1	1	?	0	0	0	231	312
15	0	68	12	?	?	?	?	0	0	4	3	1	0	0	0	0	0	0	0	0	2660	7	80	?	1	1	?	0	0	0	85	328
15	0	63	15	2	13	10	2	1	0	0.25	?	1	1	0	0	0	1	0	0	0	11125	67	455	105	1	1	?	0	0	0	440	1026
15	0	74	26	?	?	?	?	0	0	0	5	1	1	0	1	0	0	0	0	0	4500	16	189	?	1	1	?	0	0	0	141	445
15	0	84	23	2	9	16	2	1	0	4	10	1	1	0	0	0	0	1	0	0	7419	92	196	?	1	1	?	1	0	0	442	615
15	0	86	20	?	?	?	?	0	0	0	15	1	1	0	0	0	0	0	0	0	6665	15	204	60	1	1	?	1	0	0	219	220
15	0	78	30	?	?	?	?	0	0	0	9	1	1	0	1	0	1	0	1	0	20215	22	247	?	1	1	?	1	0	0	259	272
15	0	99	43	?	?	?	?	0	0	0	13	1	1	0	0	0	0	0	0	0	9545	15	331	?	1	1	?	0	0	0	341	1020
15	0	80	14	?	?	?	?	0	0	0	5	1	1	0	0	0	0	0	0	0	10360	30	215	?	1	1	?	0	0	0	506	2170
15	0	78	11	?	?	?	?	0	0	0	7	1	0	0	0	0	0	0	0	0	5050	2	70	?	1	1	?	0	0	0	27	260
15	0	85	25	?	?	?	?	0	0	0	7	0	1	1	0	0	0	0	0	0	2926	11	80	?	1	1	?	0	0	0	90	1108
15	0	75	27	5	43	41	2	1	0	3	6	1	1	0	1	0	1	1	0	0	18562	41	554	?	1	1	?	0	0	0	691	1025
15	0	72	24	2	5	3	1	2	0	3	?	1	1	0	0	0	0	0	0	0	13555	26	318	?	1	1	?	1	0	0	392	280
15	0	57	10	2	?	?	?	1	0	10	?	1	1	0	1	0	0	1	0	0	5000	45	205	100	1	1	?	0	0	0	634	1500
15	0	30	20	1	?	?	?	1	0	4	?	1	1	0	0	0	0	0	0	0	5000	10	29	40	1	1	?	0	0	0	202	800
15	0	67	15	1	?	?	?	1	0	2	?	1	1	0	0	0	0	0	0	0	2000	3	76	?	1	1	?	0	0	0	204	700
15	2	29	18	32	578	513	59	3	2	15	?	1	1	0	1	0	0	1	0	0	15000	50	266	10	1	1	?	0	0	0	414	2000
15	1	47	8	2	?	?	?	1	0	6	?	1	1	0	1	0	1	1	0	0	5000	45	118	?	1	1	?	0	0	0	451	330
15	0	55	8	2	?	?	?	1	0	5	?	1	1	0	0	0	0	1	0	0	3500	40	400	?	1	1	?	0	0	0	399	350
15	0	38	10	8	78	86	12	3	1	3	?	1	1	0	1	0	0	1	0	0	13500	64	201	20	1	1	?	0	0	0	1052	400
15	0	62	15	1	?	?	?	0	0	9	3	0	1	1	0	0	0	0	0	0	1000	5	35	?	1	1	?	0	0	0	57	105
15	0	59	12	1	?	?	?	1	0	8	4	1	1	0	0	0	0	0	0	0	1500	9	90	?	1	1	?	0	0	0	104	80
15	0	55	8	2	?	?	?	1	0	9	?	1	1	0	0	0	0	0	0	0	9000	26	90	?	1	1	?	0	1	0	281	500
15	0	62	15	1	?	?	?	1	0	11	?	1	1	0	0	0	0	0	0	0	7000	20	100	?	1	1	?	0	0	0	174	300
15	0	39	12	2	?	?	?	2	0	5	?	1	1	0	1	0	1	0	0	0	13000	50	150	100	1	1	?	0	0	0	565	1500
15	0	55	8	4	?	?	?	2	0	5	?	1	1	0	1	0	0	0	0	0	3300	5	100	?	1	1	?	0	0	0	276	180
15	0	57	10	1	?	?	?	1	0	11	?	1	1	0	0	0	0	0	0	0	2500	8	110	?	1	1	?	0	0	0	166	500
15	0	57	10	?	?	?	?	0	0	5	2	1	1	0	0	0	0	0	0	0	1000	2	79	?	1	1	?	0	0	0	89	1150
15	0	55	8	2	?	?	?	0	0	6	?	1	1	0	0	0	0	0	0	0	4500	32	177	?	1	1	?	0	0	0	303	300
15	0	51	4	1	?	?	?	0	0	4	?	1	1	0	0	0	0	0	0	0	8500	25	200	?	1	1	?	0	0	0	258	150
15	0	28	22	8	96	117	22	1	1	0.5	?	1	1	0	0	0	0	0	0	0	1200	20	147	80	1	?	?	0	0	0	693	300
15	0	55	20	?	?	?	?	0	0	11	?	1	1	0	0	1	0	1	0	0	3500	10	150	?	1	1	?	0	0	0	183	2000
15	0	69	20	?	?	?	?	0	0	?	?	?	1	?	0	0	0	0	0	0	7500	25	113	21	1	1	?	0	0	0	246	650
15	0	59	12	?	?	?	?	0	0	?	?	?	1	?	0	0	0	0	0	0	10000	24	118	?	1	1	?	0	0	0	223	1900
16	0	23	20	1	7	4	1	1	0	2	?	1	1	0	0	0	0	0	0	0	1800	22	125	20	1	1	?	0	1	1	263	10
16	0	23	20	2	41	35	4	1	0	2	?	1	1	0	1	0	0	1	0	0	3100	35	650	70	1	1	?	0	0	1	1269	450
16	0	27	24	1	7	13	1	1	0	4	?	1	1	0	0	0	0	0	0	0	900	11	325	61	1	1	?	0	0	1	254	90
16	0	27	24	1	9	8	1	1	0	3	?	0	1	1	0	0	0	0	0	0	750	9	190	25	1	1	?	0	0	1	114	150
16	0	30	27	?	?	?	?	0	0	1	6	1	1	0	0	0	0	0	0	0	1500	7	110	55	1	1	?	0	0	1	313	550
16	0	26	23	0	?	?	?	0	0	?	?	1	1	0	0	0	0	0	0	0	1100	3	95	?	1	1	?	0	0	1	132	80
17	0	69	11	8	33	35	16	1	0	3	?	1	1	0	1	0	1	1	1	1	700	5	500	?	1	1	?	?	0	0	355	700
17	0	86	6	1	0	?	?	0	0	0	5	1	1	0	0	0	0	0	0	0	150	?	70	?	1	1	?	?	0	0	34	120
17	0	97	17	?	0	?	?	0	0	1	?	0	1	1	0	0	1	0	0	0	20	?	25	?	1	1	1	?	0	0	56	110
17	0	97	17	?	?	?	?	0	0	5	5	0	1	1	0	0	0	0	0	0	900	1	40	25	1	1	?	?	0	0	137	150
17	0	62	29	?	?	?	?	0	0	1	13	1	1	0	0	0	0	0	0	0	300	3	250	25	1	1	?	?	0	0	107	200
17	0	85	15	?	0	?	?	0	0	0	12	0	1	1	0	0	1	0	1	0	450	2	120	15	1	1	?	?	0	0	40	50
17	0	90	10	1	?	?	?	0	0	0	4	1	1	0	0	0	1	0	0	0	400	1	200	?	1	1	?	?	0	0	93	500
17	0	60	21	?	?	?	?	0	0	3	?	1	1	0	0	0	0	0	0	0	430	?	80	20	1	1	?	?	0	0	64	100
17	0	99	19	1	?	?	?	0	0	0	3	0	0	1	0	0	1	0	0	0	650	1	250	70	1	1	?	?	0	0	136	20
17	0	62	18	?	?	?	?	0	0	0	1	0	1	1	0	0	1	0	1	0	600	1	100	15	1	1	?	?	0	0	28	30
17	0	55	26	?	?	?	?	0	0	1	3	0	0	1	0	0	1	0	0	0	500	3	150	20	1	1	?	?	0	0	78	150
17	0	91	11	1	?	?	?	1	0	0	9	0	1	1	0	0	0	0	1	0	850	2	150	50	1	1	?	?	0	0	85	150
17	0	30	55	1	0	0	0	1	0	0	11	1	1	0	0	0	0	0	0	0	220	?	40	?	1	1	?	?	0	0	57	200
17	0	40	51	1	?	?	?	1	0	0	11	1	1	0	0	0	1	0	0	0	130	1	100	?	1	1	?	?	0	0	79	300
17	0	103	23	1	?	?	?	0	0	0	18	1	1	0	0	0	0	0	0	0	1100	2	250	20	1	1	?	?	0	0	61	120
17	0	101	21	2	4	4	1	1	0	0	15	1	1	0	1	0	1	0	0	0	4000	6	300	80	1	1	?	?	0	0	98	250
17	0	106	26	?	0	?	?	0	0	0	22	0	1	1	0	0	0	0	0	0	2000	1	150	30	1	1	?	?	0	0	63	50
17	0	104	24	1	?	?	?	1	0	0	21	1	1	0	0	0	1	0	0	0	900	?	40	10	1	1	?	?	0	0	82	100
17	0	103	23	?	?	?	?	0	0	6	?	1	1	0	0	0	1	0	0	0	2100	?	200	190	1	1	?	?	0	0	85	50
17	0	122	42	2	9	3	1	1	0	16	13	1	1	0	0	0	1	0	0	0	500	2	400	30	1	1	?	?	0	0	229	200
17	0	94	14	?	0	?	?	0	0	0.25	?	0	1	1	0	0	0	0	0	0	200	1	90	15	1	1	?	?	0	0	53	200
17	0	121	41	2	11	12	1	1	0	16	12	1	1	0	1	0	1	0	0	0	1300	2	400	60	1	1	?	?	0	0	2042	200
17	0	115	35	2	3	3	1	1	0	4	7	1	1	0	0	0	1	0	0	0	300	?	100	40	1	1	?	?	0	0	396	250
17	0	109	29	1	?	?	?	1	0	3	3	1	1	0	0	0	1	0	0	0	930	1	200	?	1	1	?	?	0	0	124	150
17	0	115	35	1	?	?	?	1	0	3	?	1	1	0	0	0	1	0	0	0	400	1	300	200	1	1	?	?	0	0	254	400
17	0	58	25	8	36	39	13	3	1	0.25	?	1	1	0	0	1	1	1	0	0	21000	12	500	100	1	1	?	?	0	0	2099	500
17	0	50	34	2	11	8	1	1	0	7	?	1	1	0	0	0	1	0	0	0	5500	10	500	20	1	1	?	?	0	0	238	400
17	0	60	24	1	?	?	?	0	0	2	16	1	1	0	0	0	0	0	0	0	2000	?	450	100	1	1	?	?	0	0	130	100
17	0	55	27	1	?	?	?	0	0	0	7	1	1	0	0	0	0	0	0	0	300	?	300	?	1	1	?	?	0	0	64	500
17	0	62	19	1	?	?	?	1	0	1	?	1	1	0	1	0	1	0	0	0	12000	7	80	15	1	1	?	?	1	0	239	500
17	0	68	26	1	?	?	?	0	0	1	5	1	1	0	0	0	1	0	0	0	3200	2	120	10	1	1	?	?	0	0	51	500
17	0	57	24	1	?	?	?	1	0	2	?	1	1	0	0	0	1	0	0	0	1500	2	40	30	1	1	?	?	0	0	88	200
17	0	60	20	1	?	?	?	1	0	0	4	1	1	0	0	0	0	0	0	0	650	1	170	10	1	1	?	?	0	0	68	200
17	0	60	23	1	?	?	?	1	0	4	3	1	1	0	0	0	0	0	0	0	5500	8	200	30	1	1	?	?	0	0	109	200
17	0	50	33	1	?	?	?	1	0	0	8	1	1	0	1	0	1	0	0	0	5000	3	275	50	1	1	?	?	0	0	239	600
17	0	45	44	1	?	?	?	1	0	0	8	1	1	0	0	0	1	0	0	0	250	1	220	?	1	1	?	?	0	0	126	180
17	0	38	44	1	?	?	?	1	0	0	?	1	1	0	1	0	0	0	0	0	1050	?	100	?	1	1	?	?	0	0	153	500
17	0	51	30	?	0	?	?	0	0	0	7	1	1	0	0	0	0	0	0	0	1100	1	250	?	1	1	?	?	0	0	155	150
17	0	43	38	?	0	?	?	0	0	0	7	0	0	1	0	0	0	0	0	0	300	2	70	15	1	1	?	?	0	0	35	100
17	0	38	45	1	5	12	1	1	0	0	17	1	1	0	0	0	0	0	0	0	12000	9	100	100	1	1	?	?	0	0	139	250
17	0	35	45	2	7	4	1	1	0	15	?	1	1	0	0	0	0	0	0	0	24000	8	250	100	1	1	?	?	0	0	156	250
17	0	50	52	1	?	?	?	1	0	0	15	1	1	0	0	0	0	0	0	0	300	?	200	10	1	1	?	?	0	0	113	400
17	0	40	42	1	?	?	?	1	0	0.25	?	1	1	0	0	0	0	1	0	0	1170	2	120	30	1	1	?	?	0	0	76	500
17	0	36	52	1	?	?	?	1	0	0	8	1	1	0	0	0	0	0	0	0	260	3	70	100	1	1	?	?	0	0	120	700
17	0	38	45	1	?	?	?	1	0	0	8	1	1	0	0	0	0	0	0	0	270	3	150	10	1	1	?	?	0	0	109	600
17	0	40	43	1	?	?	?	1	0	0	12	1	1	0	0	0	1	0	0	0	100	?	40	?	1	1	?	?	0	0	43	130
17	0	52	28	?	0	?	?	0	0	0	4	0	1	1	0	0	0	0	0	0	220	1	60	5	1	1	?	?	0	0	53	200
17	0	45	41	1	?	?	?	1	0	0	5	1	1	0	0	0	1	0	0	0	850	1	500	40	1	1	?	?	0	0	168	500
17	0	37	44	1	?	?	?	1	0	0	7	1	1	0	0	0	0	0	0	0	150	?	300	100	1	1	?	?	0	0	89	150
17	0	35	47	1	15	18	1	1	0	0	14	1	1	0	1	0	0	0	0	0	3000	8	500	50	1	1	?	?	0	0	326	900
17	0	50	61	?	0	?	?	0	0	0	11	1	1	0	0	0	0	0	0	0	150	?	75	?	1	1	?	?	0	0	39	300
17	0	60	57	?	0	?	?	0	0	0	18	0	0	1	0	0	0	0	0	0	2000	2	60	?	1	1	?	?	0	0	16	1000
17	0	38	49	?	?	?	?	0	0	15	?	1	1	0	0	0	1	0	0	0	20000	12	250	300	1	1	?	?	0	0	207	700
17	0	40	42	?	?	?	?	0	0	0	8	1	1	0	1	0	1	0	0	0	3000	?	70	25	1	1	?	?	1	0	127	30
17	0	63	46	?	?	?	?	0	0	0	10	0	1	1	0	0	1	0	0	0	400	?	120	?	1	1	?	?	0	0	43	150
17	0	40	48	1	0	?	?	0	0	0	16	1	1	0	0	0	0	0	0	0	205	1	100	?	1	1	?	?	0	0	48	200
17	0	100	20	8	92	44	16	1	1	0.25	?	1	1	0	0	1	1	0	0	1	60	1	150	100	1	1	?	?	0	0	183	100
17	0	101	21	1	?	?	?	1	0	1	?	1	1	0	1	0	1	0	0	0	100	?	400	?	1	1	?	?	0	0	243	200
17	0	104	24	?	?	?	?	0	0	1	?	1	1	0	0	0	1	0	0	0	750	5	500	100	1	1	?	?	0	0	900	250
17	0	105	25	2	?	?	?	1	0	10	?	1	1	0	0	0	1	0	0	0	300	1	400	50	1	1	?	?	0	0	149	100
17	0	108	28	2	?	?	?	1	0	10	?	1	1	0	1	0	1	0	0	0	5500	6	700	90	1	1	?	?	0	0	669	700
17	0	102	22	1	5	4	1	0	0	5	2	1	1	0	0	0	1	0	0	0	800	4	500	150	1	1	?	?	0	0	180	2000
17	0	105	29	1	0	0	0	1	0	5	6	1	1	0	0	0	1	0	0	0	250	5	250	25	1	1	?	?	0	0	127	200
17	0	117	37	1	?	?	?	1	0	3	3	1	1	0	1	0	0	0	0	0	1000	?	400	100	1	1	?	?	0	0	216	2000
17	0	115	35	?	?	?	?	0	0	3	3	1	1	0	0	0	1	0	0	0	110	1	700	150	1	1	?	?	0	0	113	2000
17	0	86	6	1	?	?	?	1	0	0.5	?	1	1	0	0	0	1	0	0	0	850	2	300	70	1	1	?	?	0	0	209	200
17	0	65	18	1	?	?	?	1	0	0	6	1	1	0	0	0	0	0	0	0	350	3	200	50	1	1	?	?	0	0	98	150
17	0	55	27	?	0	?	?	0	0	0	2	0	1	1	0	0	0	0	0	0	100	?	15	?	1	1	?	?	0	0	48	15
17	0	65	16	2	?	?	?	1	0	1	?	1	1	0	0	0	1	0	0	0	4300	5	250	?	1	1	?	?	0	0	181	250
17	0	91	11	1	?	?	?	1	0	0.5	?	1	1	0	0	0	0	0	0	0	1300	?	120	50	1	1	?	?	0	0	195	150
17	0	42	29	1	?	?	?	1	0	6	?	0	1	1	0	0	1	0	1	0	4000	8	200	?	1	1	?	?	0	0	91	300
17	0	62	19	3	13	15	1	1	0	4	?	1	1	0	1	0	1	0	1	0	13000	9	500	50	1	1	?	?	0	0	383	1500
18	0	16	16	10	161	150	13	2	0	7	?	1	1	0	1	0	0	0	1	0	2500	6	120	150	1	1	?	?	0	1	407	200
18	0	18	18	13	85	77	14	2	0	2	?	1	1	0	0	0	0	1	1	0	300	13	100	20	1	1	?	?	0	1	1520	400
18	0	12	12	20	297	293	25	3	0	3	?	1	1	0	0	1	0	1	0	1	200	2	50	100	1	1	?	?	1	1	4970	200
18	0	6	6	4	88	71	9	8	0	1	?	1	1	0	1	0	0	1	0	0	1500	6	40	30	1	1	?	?	1	1	1010	100
18	0	13	13	2	25	23	2	1	0	2	?	1	1	0	0	0	1	1	0	0	2000	5	50	100	1	1	?	?	0	1	449	100
18	0	15	15	5	46	57	5	2	0	1	?	1	1	0	0	1	0	1	0	0	1500	8	75	80	1	1	?	?	0	1	962	1500
19	0	162	2	?	?	?	?	0	0	2	?	1	1	0	0	0	1	0	0	1	456	8	65	10	1	1	0	0	0	0	243	320
19	1	181	20	?	?	?	?	0	0	3	6	0	1	1	0	0	1	0	0	0	649	1	51	7	1	1	0	0	0	0	33	456
19	1	181	20	?	?	?	?	1	0	0	11	1	1	0	1	0	1	0	0	0	2679	7	59	25	1	1	0	1	0	0	138	256
19	0	180	19	?	?	?	?	1	0	6	?	1	1	0	0	0	1	0	0	0	1950	1	50	20	1	1	0	0	0	0	43	910
19	0	205	44	?	?	?	?	1	0	0	8	0	1	1	0	0	1	0	0	1	1185	?	47	60	1	1	0	0	0	0	44	333
19	0	178	17	?	?	?	?	1	0	1	8	0	1	1	0	0	1	0	0	0	368	?	40	30	1	1	0	0	0	0	41	336
19	0	168	7	?	?	?	?	1	0	3	?	1	1	0	0	0	1	0	0	0	721	1	28	63	1	1	0	0	0	0	62	590
19	2	178	17	?	?	?	?	1	0	1	?	1	1	0	1	0	1	0	0	1	3041	12	95	40	1	1	0	0	0	0	118	1310
19	4	187	26	?	?	?	?	1	0	1	18	0	1	1	0	0	1	0	0	0	1702	8	56	8	1	1	0	0	0	0	42	390
19	0	151	30	1	3	3	1	1	0	12	?	1	1	0	1	0	1	1	0	0	1388	26	91	140	1	1	0	1	0	0	251	1439
19	0	191	30	?	?	?	?	0	0	1	?	1	1	0	0	0	1	0	0	0	800	2	14	15	1	1	0	0	0	0	24	200
19	1	206	28	?	?	?	?	0	0	0.5	?	1	1	0	0	0	1	0	1	0	2086	11	102	15	1	1	0	0	0	0	127	625
19	0	182	21	?	?	?	?	0	0	6	6	1	1	0	0	0	1	0	0	0	1585	6	19	20	1	1	0	0	0	0	61	729
19	0	169	8	3	15	8	3	2	0	0.5	?	1	1	0	1	0	1	1	0	1	6030	70	450	100	1	1	0	1	0	0	456	2250
19	0	189	28	?	?	?	?	0	0	0	20	1	1	0	0	0	0	0	0	0	1575	4	10	40	1	1	0	0	0	0	62	105
19	0	196	35	?	?	?	?	1	0	3	?	1	1	0	0	0	1	0	0	0	1501	6	64	12	1	1	0	1	0	0	94	529
19	0	201	40	1	13	9	2	1	0	0	8	1	1	0	1	0	1	1	0	0	4212	23	250	40	1	1	0	1	0	0	381	1625
19	0	191	30	?	?	?	?	0	0	1	8	1	1	0	0	0	1	0	1	0	815	2	58	15	1	1	0	0	0	0	66	360
19	0	221	60	4	22	18	2	2	1	0.25	?	1	1	0	0	1	1	0	1	1	8327	56	286	50	1	1	0	1	1	0	558	1930
19	1	187	26	?	?	?	?	1	0	0.5	?	1	1	0	1	0	1	0	1	1	163	18	111	73	1	1	0	0	0	0	128	70
19	0	181	20	?	?	?	?	0	0	1	?	1	1	0	0	0	1	0	0	1	882	24	309	150	1	1	0	1	0	0	148	68
19	0	186	25	?	?	?	?	0	0	1	14	0	1	1	0	0	1	0	0	0	375	2	18	?	1	1	1	0	0	0	27	560
19	2	201	40	1	4	3	1	1	0	1	17	1	1	0	0	0	1	0	0	0	1753	1	212	20	1	1	0	1	0	0	153	1001
19	0	196	35	?	?	?	?	0	0	7	?	1	1	0	0	0	1	0	0	0	391	6	97	10	1	1	0	0	0	0	76	475
19	0	173	12	?	?	?	?	0	0	1	?	1	1	0	0	0	0	0	0	0	1113	18	181	50	1	1	0	1	0	0	146	390
19	0	179	18	?	?	?	?	0	0	1	?	1	1	0	0	0	1	0	0	0	1898	33	222	37	1	1	1	1	0	0	177	415
19	0	191	30	?	?	?	?	0	0	1	23	0	1	1	0	0	0	0	0	0	1025	6	41	15	1	1	0	0	0	0	15	67
19	1	130	31	1	7	13	2	1	0	0.5	?	1	1	0	0	0	1	0	0	0	4658	25	47	?	1	1	1	1	0	0	289	1840
19	0	181	20	?	?	?	?	1	0	0.25	?	1	1	0	0	0	1	0	0	0	1499	20	220	?	1	1	0	0	0	0	128	190
19	1	151	20	?	?	?	?	1	0	0.25	?	1	1	0	0	0	1	1	0	0	2525	7	87	60	1	1	1	1	0	0	235	500
19	1	152	17	5	21	15	5	2	1	4	?	1	1	0	1	0	1	0	0	0	2520	72	324	170	1	1	0	1	0	0	841	2747
19	1	189	28	?	?	?	?	1	0	1	16	1	1	0	0	0	1	0	0	0	3417	8	137	60	1	1	0	0	0	0	95	718
19	0	204	43	1	14	9	2	1	0	4	?	1	1	0	0	0	1	0	0	0	2087	5	89	30	1	1	0	1	0	0	224	278
19	0	231	70	1	12	10	1	1	0	0	14	1	1	0	0	0	1	0	1	0	1961	19	138	70	1	1	0	0	0	0	171	545
19	0	154	54	1	7	8	1	1	0	10	14	1	1	0	1	0	1	1	0	1	3979	45	367	115	1	1	0	0	0	0	317	885
19	0	174	13	?	?	?	?	1	0	1	?	1	1	0	0	0	1	0	0	0	4552	28	228	20	1	1	0	1	1	0	136	430
19	0	201	40	?	?	?	?	1	0	0	5	1	1	0	0	0	1	0	0	0	520	2	22	3	1	1	0	0	0	0	33	155
19	0	155	22	?	?	?	?	1	0	2	?	1	1	0	0	0	1	1	0	0	1624	60	352	?	1	1	0	1	1	0	305	4500
19	0	196	35	?	?	?	?	1	0	1	18	1	1	0	0	0	1	0	0	0	831	4	81	35	1	1	0	0	0	0	70	170
19	0	177	16	?	?	?	?	1	0	0.25	?	1	1	0	1	0	1	1	0	0	2253	47	681	150	1	1	1	1	0	0	299	693
19	0	181	20	?	?	?	?	1	0	1	12	0	1	1	1	0	1	0	0	0	1244	4	57	45	1	1	0	0	0	0	75	300
19	1	183	22	?	?	?	?	1	0	1	?	1	1	0	0	0	1	0	0	0	1473	23	198	50	1	1	0	0	0	0	203	200
19	0	181	20	?	?	?	?	1	0	1	7	1	1	0	1	0	1	0	0	1	803	2	37	15	1	1	0	0	0	0	44	354
19	0	188	27	?	?	?	?	1	0	0	1	1	1	0	0	0	1	0	0	0	3412	4	32	100	1	1	0	0	0	0	77	255
19	0	191	30	?	?	?	?	1	0	0	17	0	1	1	0	0	1	0	0	0	823	?	24	?	1	1	1	0	0	0	26	800
19	0	186	25	?	?	?	?	1	0	0	13	0	1	1	0	0	0	0	0	0	2470	1	14	14	1	1	0	0	0	0	34	422
19	0	196	35	?	?	?	?	1	0	2	?	1	1	0	1	0	1	0	0	0	3330	9	84	30	1	1	0	1	0	0	160	560
19	0	145	40	?	?	?	?	1	0	11	?	1	1	0	1	0	1	0	0	0	4007	46	88	15	1	1	0	1	0	0	396	120
19	0	196	35	?	?	?	?	1	0	11	13	1	1	0	0	0	1	0	0	0	1100	1	16	35	1	1	0	0	0	0	52	400
19	0	204	43	3	17	15	3	2	0	3	?	1	1	0	0	0	1	0	0	0	4402	25	142	30	1	1	0	1	0	0	392	922
19	0	216	55	1	10	15	1	1	0	0.25	?	1	1	0	0	0	1	1	0	0	1535	39	67	50	1	1	0	1	0	0	337	605
19	0	184	23	?	?	?	?	1	0	2	?	1	1	0	0	0	1	1	0	0	2786	7	42	60	1	1	0	0	0	0	88	920
19	0	186	25	?	?	?	?	1	0	4	?	1	1	0	0	0	1	1	0	0	2295	3	82	65	1	1	0	0	0	0	81	358
19	0	169	8	1	6	2	1	1	0	0	6	1	1	0	0	0	1	0	0	0	5998	25	180	25	1	1	0	1	0	0	192	2045
19	0	239	78	?	?	?	?	0	0	0	9	1	1	0	0	0	0	0	0	0	659	?	27	55	1	1	0	0	0	0	27	906
19	1	173	12	?	?	?	?	1	0	0	9	1	1	0	0	0	1	0	0	0	595	1	87	15	1	1	0	1	0	0	100	1475
19	0	191	30	?	?	?	?	1	0	1	?	1	1	0	0	0	1	0	0	0	3212	2	26	6	1	1	0	0	0	0	41	80
19	0	206	45	?	20	15	2	1	1	0.25	?	1	1	0	1	0	1	0	0	1	7294	27	423	30	1	1	0	1	1	0	502	5523
19	0	226	65	?	?	?	?	1	0	3	?	1	1	0	0	0	1	0	0	0	2189	26	145	50	1	1	0	1	0	0	178	232
19	0	181	20	1	6	5	1	1	0	12	?	1	1	0	0	0	1	0	0	0	2616	8	161	60	1	1	0	0	0	0	149	2525
19	0	201	40	1	4	2	1	1	0	2	?	1	1	0	0	0	1	0	0	0	2351	4	49	90	1	1	0	0	0	0	154	430
19	1	165	4	?	?	?	?	1	0	4	?	1	1	0	0	0	1	1	0	0	13835	25	326	12	1	1	0	1	0	0	478	2904
19	0	191	30	?	?	?	?	1	0	1	12	1	1	0	0	0	0	0	0	0	916	1	53	170	1	1	0	0	0	0	53	450
19	0	178	17	?	?	?	?	1	0	3	?	1	1	0	1	0	1	0	0	0	3603	19	76	?	1	1	0	0	0	0	94	530
19	1	196	35	?	?	?	?	1	0	0	20	1	1	0	0	0	0	0	0	0	2032	2	71	100	1	1	0	0	0	0	52	1186
19	0	191	60	1	7	8	1	2	0	2	?	1	1	0	0	0	1	0	0	0	3639	51	101	10	1	1	0	1	0	0	327	875
19	0	166	5	?	?	?	?	1	0	2	2	1	1	0	0	0	1	0	0	0	1435	3	56	5	1	1	0	0	0	0	81	671
19	0	181	20	?	?	?	?	1	0	4	?	1	1	0	0	0	1	0	0	0	1765	12	156	18	1	1	0	0	0	0	70	1365
19	0	191	30	?	?	?	?	1	0	3	?	1	1	0	0	0	1	0	0	0	2469	13	73	?	1	1	0	0	0	0	80	710
19	0	168	7	?	?	?	?	1	0	1	4	1	1	0	0	0	1	1	0	0	4522	31	239	14	1	1	0	1	0	0	199	910
19	0	151	30	?	?	?	?	1	0	13	?	1	1	0	0	0	1	0	0	0	6563	11	33	12	1	1	0	0	0	0	60	150
19	0	226	65	1	10	12	2	1	0	2	?	1	1	0	0	1	1	1	0	0	2570	52	96	55	1	1	0	1	0	0	464	500
19	0	198	37	?	?	?	?	1	0	0	1	1	1	0	1	0	1	1	0	0	1516	8	49	40	1	1	0	1	0	0	185	150
19	2	187	26	?	?	?	?	1	0	4	?	1	1	0	0	0	1	0	0	0	3973	56	613	50	1	1	0	1	0	0	296	580
19	0	166	35	?	?	?	?	1	0	6	?	1	1	0	0	0	1	1	0	0	2750	18	62	?	1	1	0	1	0	0	173	337
20	0	104	30	1	12	16	1	1	0	9	?	1	1	0	1	0	0	0	0	0	19500	50	20	?	1	1	0	1	0	0	222	3200
20	1	147	73	?	?	?	?	0	0	18	?	1	1	0	0	0	1	0	0	0	24200	45	210	?	1	1	0	1	0	0	212	2300
20	1	132	58	1	26	15	1	1	0	5	19	1	1	0	0	0	1	0	0	0	28600	15	90	?	1	1	0	1	1	0	310	1200
20	0	37	46	?	?	?	?	0	0	19	1	1	1	0	0	0	1	0	0	0	7250	35	48	?	1	1	0	1	0	0	163	550
20	0	28	46	3	25	24	3	2	0	6	?	1	1	0	0	0	1	0	0	0	20400	7	600	12	1	1	0	1	0	0	580	2000
20	0	109	35	2	5	10	2	2	0	15	?	1	1	0	0	0	1	0	0	0	30200	45	650	?	1	1	0	1	0	0	276	5100
20	0	81	7	2	12	12	1	1	0	7	?	1	1	0	0	0	1	0	0	0	12500	68	350	?	1	1	0	1	0	0	635	6000
20	0	115	41	2	21	22	2	2	0	22	?	1	1	0	0	0	1	0	0	0	82400	110	100	?	1	1	0	1	0	0	407	13000
20	0	117	43	2	6	15	1	1	0	0	6	1	1	0	0	0	1	0	0	0	13000	55	130	?	1	1	0	1	0	0	194	1000
20	0	112	38	4	32	30	3	2	0	0	10	1	1	0	0	0	1	0	0	0	28100	126	156	20	1	1	0	1	0	0	353	2043
20	0	100	26	?	?	?	?	0	0	0	13	1	1	0	0	0	1	0	0	0	26500	65	110	10	1	1	0	1	0	0	216	400
20	0	100	26	?	?	?	?	0	0	0	6	1	1	0	1	0	1	0	0	0	15200	30	50	?	1	1	0	1	0	0	92	200
20	0	92	18	?	?	?	?	0	0	8	7	1	1	0	0	0	1	0	0	0	30500	30	7	?	1	1	0	1	0	0	392	1300
20	0	69	5	3	28	43	4	1	0	4	?	1	1	0	0	0	1	0	0	0	5800	65	110	?	1	1	0	1	1	0	473	2060
20	0	64	10	?	?	?	?	0	0	7	?	1	1	0	0	0	1	0	0	0	37000	9	230	10	1	1	0	1	1	0	359	2635
20	0	94	20	2	15	14	1	2	0	17	?	1	1	0	0	0	1	0	0	0	7000	100	25	?	1	1	0	1	0	0	162	1200
20	0	100	26	?	?	?	?	0	0	5	?	1	1	0	0	0	1	0	0	0	6700	23	48	?	1	1	0	1	0	0	74	480
20	0	96	22	?	?	?	?	0	0	1	?	1	1	0	1	0	1	0	0	0	13600	45	75	?	1	1	0	1	0	0	106	380
20	0	104	30	2	10	14	1	1	0	9	3	1	1	0	0	0	1	0	0	0	7000	50	65	?	1	1	0	1	0	0	181	1600
20	0	89	15	5	62	45	9	1	1	1	?	1	1	0	0	0	0	0	0	0	7000	40	210	?	1	1	0	1	1	0	1026	5600
20	0	98	24	?	?	?	?	0	0	2	?	1	1	0	0	0	1	0	0	0	10000	20	120	20	1	1	0	1	0	0	255	1300
20	0	93	19	?	?	?	?	0	0	0	4	1	1	0	0	0	1	0	0	0	9100	50	58	?	1	1	0	1	0	0	89	260
20	0	109	35	?	?	?	?	0	0	2	?	1	1	0	1	0	0	0	0	0	23200	40	165	?	1	1	0	1	1	0	201	900
20	1	53	21	?	?	?	?	0	0	7	?	1	1	0	0	0	1	0	0	0	29700	19	180	?	1	1	0	1	0	0	381	2000
20	0	49	25	?	?	?	?	0	0	9	?	1	1	0	0	0	1	0	0	0	13600	32	80	?	1	1	0	1	1	0	248	500
20	0	38	36	2	27	32	4	0	0	0	7	1	1	0	0	0	1	1	0	0	21000	60	235	?	1	1	0	1	0	0	324	1760
20	0	103	27	3	23	11	2	2	0	0.25	?	1	1	0	0	0	1	0	0	0	22000	25	150	20	1	1	0	1	1	0	413	3000
20	0	36	38	?	?	?	?	0	0	4	?	1	1	0	1	0	1	0	0	0	26300	45	336	?	1	1	0	1	1	0	221	1480
20	0	34	40	?	?	?	?	0	0	4	?	1	1	0	0	0	0	0	0	1	26000	15	15	?	1	1	0	1	0	0	102	600
20	0	101	27	?	?	?	?	0	0	0.5	?	1	1	0	0	0	0	1	1	0	11400	35	75	?	1	1	0	1	0	0	152	1500
20	0	101	27	?	?	?	?	0	0	0	5	1	1	0	0	0	0	0	1	0	2300	7	8	?	1	1	0	1	0	0	35	530
20	0	52	22	?	?	?	?	0	0	23	?	1	1	0	0	0	0	0	0	0	10900	45	138	?	1	1	0	1	0	0	261	1030
20	0	44	30	?	?	?	?	0	0	10	?	1	1	0	0	0	0	0	0	0	29500	68	75	?	1	1	0	1	1	0	190	1000
20	0	77	3	8	65	53	21	0	0	0.25	?	1	1	0	0	0	1	1	0	0	32000	110	250	?	1	1	0	1	1	0	950	1600
20	0	81	7	2	13	12	1	1	0	6	?	1	1	0	1	0	1	0	0	0	27680	55	250	?	1	1	0	1	0	0	299	1500
20	0	95	21	8	76	86	13	1	1	0.25	?	1	1	0	1	0	1	0	0	0	37700	126	300	?	1	1	0	1	1	0	1154	3600
20	1	38	36	5	53	58	9	2	0	10	?	1	1	0	1	0	1	0	0	0	41400	65	300	?	1	1	0	1	1	0	936	3500
20	0	114	40	2	47	33	1	2	0	3	?	1	0	0	0	0	1	0	0	0	16400	30	60	?	1	1	0	1	0	0	192	600
20	0	97	17	2	15	13	1	1	0	7	?	1	1	0	0	0	0	0	0	0	20000	30	80	?	1	1	0	1	1	0	248	2000
20	0	84	10	?	?	?	?	0	0	8	?	1	1	0	0	0	0	0	0	0	20900	65	200	?	1	1	0	1	1	0	301	1800
20	0	85	11	?	?	?	?	0	0	6	4	1	1	0	0	0	0	0	0	0	5900	9	50	?	1	1	0	1	0	0	51	600
20	0	36	38	3	57	45	4	2	0	11	?	1	1	0	1	0	1	0	0	0	44000	100	550	20	1	1	0	1	1	0	723	3000
20	1	96	22	?	?	?	?	0	0	17	5	1	1	0	0	0	0	0	0	0	16000	23	50	?	1	1	0	1	0	0	156	700
20	0	92	18	?	?	?	?	0	0	16	?	1	1	0	0	0	0	0	0	0	14800	45	124	?	1	1	0	1	0	0	259	855
20	0	80	6	?	?	?	?	0	0	5	?	1	1	0	0	0	0	0	0	0	26200	50	30	?	1	1	0	1	0	0	177	3050
20	0	110	40	1	2	14	1	1	0	7	18	1	0	0	0	0	1	0	0	0	11000	40	200	10	1	1	0	1	0	0	226	2000
20	0	53	21	?	?	?	?	0	0	5	?	1	1	0	0	0	1	0	0	0	10450	20	190	?	1	1	0	1	0	0	60	1450
20	0	36	38	?	?	?	?	0	0	16	?	1	1	0	0	0	1	0	0	0	21500	50	520	?	1	1	0	1	0	0	173	146
20	0	136	62	1	19	14	1	1	0	5	27	1	1	0	0	0	0	0	0	0	11500	40	60	?	1	1	1	1	0	0	188	1200
20	0	89	15	?	?	?	?	0	0	7	7	1	1	0	0	0	1	0	0	0	6290	19	140	?	1	1	0	1	0	0	133	1600
20	0	115	41	?	?	?	?	0	0	25	?	1	1	0	1	0	1	0	0	0	13000	32	10	?	1	1	0	1	1	0	144	1300
20	0	112	38	3	16	12	1	1	0	10	19	1	1	0	1	0	0	0	0	0	23900	60	162	?	1	1	0	1	0	0	284	700
20	0	60	17	?	?	?	?	0	0	8	?	1	1	0	0	0	1	0	0	0	36400	25	150	?	1	1	0	1	0	0	219	1000
20	0	54	20	?	?	?	?	0	0	4	?	1	1	0	0	0	1	0	0	0	12000	25	60	?	1	1	0	1	0	0	206	600
20	0	112	38	2	29	33	2	1	0	7	15	1	1	0	0	0	1	0	0	0	25000	65	510	?	1	1	0	1	1	0	606	4100
20	0	114	40	1	8	11	1	1	0	0	23	1	1	0	0	0	1	0	0	0	8500	40	70	?	1	1	0	1	1	0	147	500
20	0	118	44	3	27	32	0	2	0	5	?	1	1	0	1	0	1	0	0	0	15100	65	150	?	1	1	0	1	0	0	459	4500
20	0	41	33	3	14	19	4	3	0	1	?	1	1	0	1	0	1	0	0	0	16560	42	100	?	1	1	0	1	0	0	440	3200
20	0	84	10	?	?	?	?	0	0	5	?	1	1	0	0	0	1	0	0	0	24700	45	25	?	1	1	0	1	0	0	139	5000
20	0	113	39	5	19	26	4	4	0	0.25	?	1	1	0	1	0	1	1	0	0	42300	112	58	10	1	1	0	1	1	0	1005	448
20	0	98	24	?	?	?	?	0	0	7	?	1	1	0	1	0	1	0	0	0	31000	80	350	?	1	1	0	1	1	0	393	1800
20	0	119	45	?	?	?	?	0	0	9	7	1	1	0	0	0	0	0	0	0	7600	12	15	?	1	1	0	1	1	0	56	400
20	0	108	34	?	?	?	?	0	0	21	?	1	1	0	0	0	0	0	0	0	10000	35	90	?	1	1	0	1	0	0	153	1820
20	1	139	65	2	17	22	1	1	0	13	?	1	1	0	0	0	1	0	0	0	25000	28	110	?	1	1	0	1	1	0	264	2300
20	0	90	16	?	?	?	?	0	0	0.5	?	1	1	0	0	0	1	0	0	0	24000	30	121	30	1	1	0	1	0	0	221	1070
20	0	130	56	2	11	7	1	0	0	5	13	1	1	0	1	0	0	0	0	0	14800	20	150	?	1	1	0	1	1	0	141	1500
20	0	96	22	?	?	?	?	0	0	0	8	1	1	0	0	0	0	0	0	0	20700	60	132	?	1	1	0	1	0	0	184	1296
20	0	96	22	2	57	49	23	1	1	0.25	?	1	1	0	1	0	1	0	0	0	32300	80	448	15	1	1	0	1	0	0	905	2623
20	0	85	16	?	?	?	?	0	0	14	?	1	1	0	0	0	0	0	0	0	8100	11	6	?	1	1	0	1	0	0	70	200
20	0	95	21	?	?	?	?	0	0	10	?	1	1	0	0	0	1	0	0	0	18000	50	10	?	1	1	0	1	0	0	278	3000
20	0	92	18	2	8	11	1	0	0	0	6	1	1	0	0	0	0	0	0	0	17000	25	250	?	1	1	0	1	0	0	212	3000
20	0	34	40	3	46	55	4	2	0	7	?	1	1	0	0	1	1	0	0	0	40000	150	400	?	1	1	0	1	0	0	802	5100
20	0	132	58	1	11	14	1	1	0	5	27	1	1	0	0	0	0	0	0	0	20000	16	?	?	1	1	0	1	0	0	169	1500
20	0	119	45	2	16	16	1	1	0	0	11	1	1	0	1	0	1	0	0	0	33300	60	250	?	1	1	0	1	0	0	331	3300
20	0	99	25	?	?	?	?	0	0	4	?	1	1	0	0	0	1	0	0	0	7500	18	70	?	1	1	0	1	0	0	107	800
20	0	143	69	8	75	71	13	1	1	0	10	1	1	0	1	0	1	0	0	0	42000	130	200	160	1	1	0	1	1	0	1115	4200
20	0	79	5	?	?	?	?	0	0	1	?	1	1	0	0	0	0	0	0	0	4000	25	90	?	1	1	0	1	1	0	160	380
20	0	35	36	4	40	41	4	2	0	12	?	1	1	0	0	0	1	0	0	0	16200	80	450	?	1	1	0	1	1	0	620	3200
20	0	139	65	2	16	16	2	2	0	13	?	1	1	0	1	0	1	1	0	0	11000	81	70	?	1	1	0	1	1	0	409	250
20	0	92	18	?	?	?	?	0	0	6	6	1	1	0	0	0	0	0	0	0	2800	18	120	?	1	1	0	1	0	0	68	1200
20	0	102	28	?	?	?	?	0	0	0	5	1	1	0	0	0	0	0	0	0	17200	36	13	?	1	1	0	1	0	0	71	454
20	0	108	34	?	?	?	?	0	0	0.5	?	1	1	0	0	0	1	0	0	0	8500	35	100	?	1	1	0	1	0	0	197	1600
20	0	93	17	3	12	10	2	1	0	0.25	?	1	1	0	0	0	1	0	0	0	12500	30	100	?	1	1	0	1	0	0	389	3000
20	0	102	28	?	?	?	?	0	0	22	?	1	1	0	0	0	1	0	0	0	11000	40	70	?	1	1	0	1	1	0	199	250
20	0	58	16	?	?	?	?	0	0	1	?	1	1	0	0	0	0	0	0	0	12000	8	21	20	1	1	0	1	0	0	134	30
20	0	102	28	3	28	32	2	3	0	11	?	1	1	0	0	0	1	0	0	0	33800	105	480	50	1	1	0	1	0	0	714	2850
20	0	42	32	1	5	8	1	1	0	3	?	1	1	0	0	0	0	0	0	0	5150	20	33	?	1	1	0	1	0	0	149	196
20	0	95	21	2	15	17	2	1	0	0.25	?	1	1	0	0	0	1	0	0	0	27500	25	50	?	1	1	0	1	0	0	287	1500
20	1	144	70	2	18	15	1	1	0	0	19	1	1	0	0	0	0	0	0	0	28950	20	200	?	1	1	0	1	0	0	344	3300
20	0	99	25	?	?	?	?	0	0	0	4	1	1	0	0	0	0	1	0	0	10000	29	10	?	1	1	0	1	1	0	149	1500
20	0	147	73	2	16	15	1	1	0	0	6	1	1	0	0	0	1	0	0	0	41400	85	160	?	1	1	0	1	0	0	226	1310
21	0	39	13	1	1	?	?	1	0	1	?	1	1	0	0	0	1	0	1	0	10740	25	174	?	1	1	?	0	0	1	164	207
21	0	50	27	2	?	?	?	1	0	20	?	1	1	0	0	0	1	1	0	0	28200	45	269	?	1	1	?	0	0	1	275	250
21	0	35	9	7	1	?	?	1	0	0.5	?	1	1	0	0	0	1	1	0	0	8000	14	248	10	1	1	?	0	1	1	492	80
21	0	46	20	0	?	?	?	0	0	14	?	1	1	0	0	0	0	0	0	0	8130	13	147	10	1	1	?	0	0	1	156	573
21	0	47	21	1	?	?	?	1	0	6	?	1	1	0	0	0	1	0	0	0	12378	27	118	35	1	1	?	0	0	1	142	306
21	0	44	18	2	?	?	?	1	0	2	?	1	1	0	0	0	1	1	0	0	15556	45	350	70	1	1	?	1	0	1	235	260
21	0	32	6	2	?	?	?	1	0	2	?	1	1	0	0	0	1	0	0	0	7608	17	225	70	1	1	?	0	1	1	294	134
21	0	39	13	0	?	?	?	0	0	12	?	1	1	0	0	0	1	0	0	0	12242	12	2851	10	1	1	?	0	0	1	74	373
21	0	44	18	1	?	?	?	1	0	14	?	1	1	0	1	0	0	0	0	0	810	4	58	?	1	1	?	0	0	1	131	336
21	0	29	3	5	1	?	?	1	0	2	?	1	1	0	0	0	0	0	0	0	5035	20	840	25	1	1	?	0	1	1	4946	428
21	0	40	14	2	?	?	?	2	0	8	?	1	1	0	1	0	1	0	1	0	26666	41	690	115	1	1	?	0	1	1	206	1295
21	0	36	10	2	?	?	?	2	0	9	?	1	1	0	1	0	1	1	0	0	36740	30	1144	70	1	1	?	0	1	1	272	1540
21	0	30	4	3	?	?	?	0	0	2	?	1	1	0	0	0	1	0	0	0	8546	7	780	?	1	1	?	0	1	1	634	272
21	0	118	30	?	?	?	?	0	0	0	7	0	1	1	0	0	0	0	0	0	7005	22	5	100	1	1	?	0	0	0	104	240
21	0	112	37	?	?	?	?	0	0	3	?	1	1	0	0	0	0	0	0	0	15000	40	142	?	1	1	?	0	0	0	280	450
21	0	117	32	8	97	69	11	3	0	4	?	1	1	0	0	1	1	0	0	0	35000	90	250	50	1	1	?	1	1	0	1840	950
21	0	167	18	3	25	28	4	1	0	3	?	1	1	0	1	0	0	0	0	0	19173	50	175	?	1	1	?	1	0	0	620	2750
21	0	164	15	?	?	?	?	0	0	0	3	1	1	0	0	0	0	0	0	0	4352	12	42	?	1	1	?	0	0	0	83	1100
21	0	128	21	5	22	24	2	4	0	0	8	1	1	0	1	0	0	0	0	0	27000	52	226	?	1	1	?	1	0	0	791	5500
21	0	117	32	3	30	23	4	2	0	5	?	1	1	0	0	1	0	0	0	0	30028	50	511	?	1	1	?	1	0	0	641	2000
21	0	163	14	?	?	?	?	0	0	1	4	1	1	0	0	0	0	0	0	0	18864	51	40	?	1	1	?	0	0	0	164	440
21	0	158	9	?	?	?	?	0	0	0	10	1	1	0	0	0	0	0	0	0	12197	40	180	?	1	1	?	0	0	0	280	680
21	0	164	15	?	?	?	?	0	0	5	?	1	1	0	1	0	0	0	0	0	5769	19	16	?	1	1	?	0	0	0	68	270
21	0	162	13	?	?	?	?	0	0	0	11	1	1	0	0	0	0	0	0	0	7500	20	125	?	1	1	?	0	0	0	180	800
21	0	108	41	?	?	?	?	0	0	5	?	1	1	0	0	0	0	0	0	0	10000	22	77	100	1	1	?	0	0	0	202	750
21	0	106	17	?	?	?	?	0	0	1	?	1	1	0	0	0	0	0	0	0	5020	15	76	?	1	1	?	0	0	0	175	750
21	0	161	12	?	?	?	?	0	0	1	?	1	1	0	0	0	0	0	0	0	9038	20	184	?	1	1	?	0	0	0	202	1050
21	0	176	27	?	?	?	?	0	0	18	7	1	1	0	0	0	0	0	0	0	10008	15	42	?	1	1	?	0	0	0	104	410
21	0	161	12	?	?	?	?	0	0	0	10	0	1	1	0	0	0	0	0	0	6300	15	82	50	1	1	?	0	0	0	166	430
21	0	157	8	?	?	?	?	0	0	8	?	1	1	0	1	0	0	0	0	0	8207	20	133	?	1	1	?	1	0	0	631	550
21	0	164	15	?	?	?	?	0	0	0	3	0	1	1	0	0	0	0	0	0	9475	20	30	50	1	1	?	0	0	0	68	325
21	0	122	27	1	25	19	2	1	0	0.5	?	1	1	0	1	0	0	0	0	0	40771	70	361	?	1	1	?	1	0	0	408	320
21	0	158	9	?	?	?	?	0	0	0	6	0	1	0	0	0	0	0	0	0	4500	15	195	?	1	1	?	0	0	0	174	550
21	0	161	12	2	13	23	4	3	0	4	?	1	1	0	0	0	0	0	0	0	24579	60	259	100	1	1	?	1	0	0	699	1150
21	0	162	13	?	?	?	?	0	0	0	11	1	1	0	0	0	0	0	0	0	19419	35	30	?	1	1	?	0	0	0	123	1200
21	0	120	29	?	?	?	?	0	0	0	10	1	1	0	0	0	0	0	0	0	15060	35	105	?	1	1	?	0	0	0	295	800
21	0	112	37	1	9	4	1	1	0	5	9	1	1	0	0	0	0	0	0	0	8000	20	96	?	1	1	?	0	0	0	207	900
21	0	160	11	?	?	?	?	0	0	11	?	1	1	0	1	0	0	0	0	0	7297	20	118	?	1	1	?	0	1	0	225	415
21	0	157	8	?	?	?	?	0	0	6	?	1	1	0	0	0	0	0	0	0	19482	63	115	?	1	1	?	0	0	0	320	650
21	0	156	7	?	?	?	?	0	0	3	?	1	1	0	1	0	1	0	0	0	9189	21	127	50	1	1	?	0	0	0	176	430
21	0	173	24	?	?	?	?	0	0	18	?	1	1	0	1	0	0	0	0	0	20916	65	263	?	1	1	?	0	0	0	262	1000
21	0	169	20	3	40	39	5	1	0	4	?	1	1	0	1	0	0	0	0	0	11780	34	166	100	1	1	?	1	0	0	673	1500
21	0	169	20	1	9	17	1	1	0	0.25	?	1	1	0	0	0	0	0	0	0	7439	25	124	?	1	1	?	0	0	0	234	800
21	0	163	14	?	?	?	?	0	0	14	1	0	1	1	0	0	0	0	0	0	5591	25	69	?	1	1	?	0	0	0	202	150
21	0	160	11	?	?	?	?	0	0	1	?	1	1	0	0	1	1	0	0	0	6420	21	52	?	1	1	?	0	0	0	316	200
21	0	122	27	?	?	?	?	0	0	0	5	1	1	0	0	0	0	0	0	0	7850	15	57	?	1	1	?	0	0	0	82	550
22	0	23	20	4	29	27	5	1	0	8	?	1	1	0	1	0	1	1	0	0	20000	38	40	50	1	1	?	1	0	1	718	400
22	1	35	32	2	20	24	2	1	0	2	?	1	1	0	0	0	1	1	0	0	6500	35	400	?	1	1	?	1	1	1	695	800
22	0	36	33	7	52	23	8	3	0	2	?	1	1	0	1	0	0	0	0	0	25000	50	500	?	1	1	?	1	0	1	494	2000
22	0	18	15	6	49	27	11	1	0	3	?	1	1	0	0	1	0	1	0	0	1500	25	20	20	1	1	?	0	0	1	578	200
22	0	28	25	?	?	?	?	0	0	12	?	1	1	0	0	0	1	1	0	0	32000	50	200	?	1	1	?	1	0	1	423	1500
22	0	43	40	2	10	14	3	1	0	12	?	1	1	0	1	0	0	0	0	0	7500	21	300	?	1	1	?	1	1	1	332	1000
22	0	17	14	2	11	14	2	1	0	6	?	1	1	0	0	0	0	0	0	0	70000	35	150	10	1	1	?	0	0	1	349	550
22	0	17	14	4	34	44	3	1	0	6	?	1	1	0	0	0	0	0	0	0	13000	19	150	?	1	1	?	0	0	1	531	200
22	0	18	15	9	115	136	18	0	0	0.5	?	1	1	0	0	1	1	0	1	0	30000	205	210	?	1	1	?	0	0	1	1283	1800
22	0	34	31	5	37	13	9	3	0	9	?	1	1	0	0	0	1	0	1	0	17000	50	400	?	1	1	?	0	0	1	328	1200
22	0	12	9	18	534	454	29	0	0	3	?	1	1	0	1	0	0	1	0	0	10000	100	15	300	1	1	?	1	1	1	6080	1500
22	0	15	12	5	42	48	9	0	0	5	?	1	1	0	1	0	0	0	0	0	15000	45	220	300	1	1	?	0	0	1	920	1000
22	0	33	30	?	?	?	?	0	0	3	?	1	1	0	1	0	0	1	0	0	5000	15	150	50	1	1	?	1	1	1	406	500
